Date,F,weights,Votable Supply,IVS
2023-12-04,0.800758,"w1=0.51, w2=0.35, w3=0.15, w4=0.0",82765569.72,120728265.13
2023-12-05,0.800151,"w1=0.51, w2=0.35, w3=0.15, w4=0.0",82498452.48,120279093.04
2023-12-06,0.762488,"w1=0.51, w2=0.35, w3=0.15, w4=0.0",82944352.75,117290471.44
2023-12-07,0.770317,"w1=0.51, w2=0.35, w3=0.15, w4=0.0",82127363.78,116872172.91
2023-12-08,0.826427,"w1=0.51, w2=0.35, w3=0.15, w4=0.0",82158482.04,122385610.1
2023-12-09,0.803774,"w1=0.51, w2=0.35, w3=0.15, w4=0.0",82051659.44,119981678.21
2023-12-10,0.786167,"w1=0.51, w2=0.35, w3=0.15, w4=0.0",82000609.04,118200607.64
2023-12-11,0.770632,"w1=0.51, w2=0.35, w3=0.15, w4=0.0",81792099.12,116424732.28
2023-12-12,0.845836,"w1=0.51, w2=0.35, w3=0.15, w4=0.0",81534903.35,123411530.66
2023-12-13,0.793383,"w1=0.51, w2=0.35, w3=0.15, w4=0.0",81700583.44,118461047.32
2023-12-14,0.779451,"w1=0.51, w2=0.35, w3=0.15, w4=0.0",81731496.13,117172348.81
2023-12-15,0.762826,"w1=0.51, w2=0.35, w3=0.15, w4=0.0",81707088.7,115572401.6
2023-12-16,0.750395,"w1=0.51, w2=0.35, w3=0.15, w4=0.0",81642104.65,114329337.18
2023-12-17,0.754121,"w1=0.51, w2=0.35, w3=0.15, w4=0.0",81603284.22,114618239.64
2023-12-18,0.75296,"w1=0.51, w2=0.35, w3=0.15, w4=0.0",81058572.53,113746757.4
2023-12-19,0.771451,"w1=0.51, w2=0.35, w3=0.15, w4=0.0",80957551.86,115313197.24
2023-12-20,0.749162,"w1=0.51, w2=0.35, w3=0.15, w4=0.0",80819116.73,113064645.5
2023-12-21,0.75405,"w1=0.51, w2=0.35, w3=0.15, w4=0.0",80727780.38,113382042.01
2023-12-22,0.808633,"w1=0.51, w2=0.35, w3=0.15, w4=0.0",76850174.41,112822389.02
2023-12-23,0.899567,"w1=0.51, w2=0.35, w3=0.15, w4=0.0",76503915.0,121078111.21
2023-12-24,0.877391,"w1=0.51, w2=0.35, w3=0.15, w4=0.0",76171580.22,118345028.27
2023-12-25,0.861126,"w1=0.51, w2=0.35, w3=0.15, w4=0.0",76105787.19,116658417.79
2023-12-26,0.802549,"w1=0.51, w2=0.35, w3=0.15, w4=0.0",76063269.96,111113938.57
2023-12-27,0.833203,"w1=0.51, w2=0.35, w3=0.15, w4=0.0",75251500.63,112722378.08
2023-12-28,0.900149,"w1=0.51, w2=0.35, w3=0.15, w4=0.0",75047182.04,118830397.53
2023-12-29,0.852039,"w1=0.51, w2=0.35, w3=0.15, w4=0.0",74973578.22,114062695.02
2023-12-30,0.850196,"w1=0.51, w2=0.35, w3=0.15, w4=0.0",74927314.27,113818970.12
2023-12-31,0.805379,"w1=0.51, w2=0.35, w3=0.15, w4=0.0",74905236.67,109675240.79
2024-01-01,0.810385,"w1=0.51, w2=0.35, w3=0.15, w4=0.0",74779230.47,109939349.7
2024-01-02,0.822394,"w1=0.51, w2=0.35, w3=0.15, w4=0.0",74244867.78,110232017.95
2024-01-03,0.825696,"w1=0.51, w2=0.35, w3=0.15, w4=0.0",73764045.53,109815128.28
2024-01-04,0.893486,"w1=0.51, w2=0.35, w3=0.15, w4=0.0",73792060.55,116194834.39
2024-01-05,0.840698,"w1=0.51, w2=0.35, w3=0.15, w4=0.0",73800200.2,111232269.81
2024-01-06,0.825975,"w1=0.51, w2=0.35, w3=0.15, w4=0.0",73760674.07,109835250.22
2024-01-07,0.808884,"w1=0.51, w2=0.35, w3=0.15, w4=0.0",73837490.38,108421751.2
2024-01-08,0.807753,"w1=0.51, w2=0.35, w3=0.15, w4=0.0",73918490.82,108440457.77
2024-01-09,0.857385,"w1=0.51, w2=0.35, w3=0.15, w4=0.0",73805710.74,112783130.48
2024-01-10,0.865781,"w1=0.51, w2=0.35, w3=0.15, w4=0.0",73861336.12,113655359.62
2024-01-11,0.91499,"w1=0.51, w2=0.35, w3=0.15, w4=0.0",73690653.49,118140978.14
2024-01-12,0.885561,"w1=0.51, w2=0.35, w3=0.15, w4=0.0",73449269.83,114893666.32
2024-01-13,0.91597,"w1=0.51, w2=0.35, w3=0.15, w4=0.0",73344587.06,117682838.31
2024-01-14,0.843535,"w1=0.51, w2=0.35, w3=0.15, w4=0.0",73244324.19,110652778.45
2024-01-15,0.842618,"w1=0.51, w2=0.35, w3=0.15, w4=0.0",72737503.78,109804099.86
2024-01-16,0.851054,"w1=0.51, w2=0.35, w3=0.15, w4=0.0",72712126.07,110532240.33
2024-01-17,0.843758,"w1=0.51, w2=0.35, w3=0.15, w4=0.0",72639280.18,109758888.28
2024-01-18,0.712171,"w1=0.51, w2=0.35, w3=0.15, w4=0.0",89035209.01,120925476.9
2024-01-19,0.717545,"w1=0.51, w2=0.35, w3=0.15, w4=0.0",88970519.92,121356179.8
2024-01-20,0.725106,"w1=0.51, w2=0.35, w3=0.15, w4=0.0",88872382.18,121956185.09
2024-01-21,0.706194,"w1=0.51, w2=0.35, w3=0.15, w4=0.0",88793799.87,120025491.5
2024-01-22,0.70458,"w1=0.51, w2=0.35, w3=0.15, w4=0.0",88756442.89,119821197.9
2024-01-23,0.729993,"w1=0.51, w2=0.35, w3=0.15, w4=0.0",88749073.24,122263815.96
2024-01-24,0.754236,"w1=0.51, w2=0.35, w3=0.15, w4=0.0",88788223.61,124721604.1
2024-01-25,0.720367,"w1=0.51, w2=0.35, w3=0.15, w4=0.0",88757109.48,121337938.15
2024-01-26,0.721651,"w1=0.51, w2=0.35, w3=0.15, w4=0.0",88995782.29,121788977.15
2024-01-27,0.732255,"w1=0.51, w2=0.35, w3=0.15, w4=0.0",88979751.1,122803741.26
2024-01-28,0.715176,"w1=0.51, w2=0.35, w3=0.15, w4=0.0",88708693.37,120770756.83
2024-01-29,0.725054,"w1=0.51, w2=0.35, w3=0.15, w4=0.0",88791756.55,121840482.77
2024-01-30,0.728097,"w1=0.51, w2=0.35, w3=0.15, w4=0.0",88719196.5,122037422.39
2024-01-31,0.743588,"w1=0.51, w2=0.35, w3=0.15, w4=0.0",88773757.29,123637934.56
2024-02-01,0.740934,"w1=0.51, w2=0.35, w3=0.15, w4=0.0",88664662.48,123223165.53
2024-02-02,0.728698,"w1=0.51, w2=0.35, w3=0.15, w4=0.0",88595816.08,121926300.61
2024-02-03,0.726644,"w1=0.51, w2=0.35, w3=0.15, w4=0.0",88627420.62,121769627.33
2024-02-04,0.724207,"w1=0.51, w2=0.35, w3=0.15, w4=0.0",88564328.69,121446190.12
2024-02-05,0.730113,"w1=0.51, w2=0.35, w3=0.15, w4=0.0",88626085.64,122106108.01
2024-02-06,0.738934,"w1=0.51, w2=0.35, w3=0.15, w4=0.0",88641251.53,122993112.93
2024-02-07,0.775826,"w1=0.51, w2=0.35, w3=0.15, w4=0.0",88530066.11,126546643.6
2024-02-08,0.762532,"w1=0.51, w2=0.35, w3=0.15, w4=0.0",88507007.1,125160989.79
2024-02-09,0.750061,"w1=0.51, w2=0.35, w3=0.15, w4=0.0",88460474.63,123844309.7
2024-02-10,0.7575,"w1=0.51, w2=0.35, w3=0.15, w4=0.0",88391656.46,124491523.91
2024-02-11,0.745853,"w1=0.51, w2=0.35, w3=0.15, w4=0.0",88478776.53,123451532.98
2024-02-12,0.754784,"w1=0.51, w2=0.35, w3=0.15, w4=0.0",89485371.94,125756390.46
2024-02-13,0.764857,"w1=0.51, w2=0.35, w3=0.15, w4=0.0",89637317.03,126997589.9
2024-02-14,0.759454,"w1=0.51, w2=0.35, w3=0.15, w4=0.0",89613901.32,126411954.23
2024-02-15,0.777339,"w1=0.51, w2=0.35, w3=0.15, w4=0.0",89506695.93,128099587.64
2024-02-16,0.785684,"w1=0.51, w2=0.35, w3=0.15, w4=0.0",89478749.54,128929462.9
2024-02-17,0.77691,"w1=0.51, w2=0.35, w3=0.15, w4=0.0",89455271.52,127981493.79
2024-02-18,0.771304,"w1=0.51, w2=0.35, w3=0.15, w4=0.0",89387473.61,127305350.62
2024-02-19,0.774705,"w1=0.51, w2=0.35, w3=0.15, w4=0.0",89332598.52,127577918.18
2024-02-20,0.784099,"w1=0.51, w2=0.35, w3=0.15, w4=0.0",90123095.23,129690885.36
2024-02-21,0.816453,"w1=0.51, w2=0.35, w3=0.15, w4=0.0",90025883.22,133013304.33
2024-02-22,0.79205,"w1=0.51, w2=0.35, w3=0.15, w4=0.0",89863137.64,130155037.56
2024-02-23,0.78559,"w1=0.51, w2=0.35, w3=0.15, w4=0.0",89749622.84,129309891.17
2024-02-24,0.775912,"w1=0.51, w2=0.35, w3=0.15, w4=0.0",89826439.94,128408651.25
2024-02-25,0.771597,"w1=0.51, w2=0.35, w3=0.15, w4=0.0",89683970.94,127757904.43
2024-02-26,0.776098,"w1=0.51, w2=0.35, w3=0.15, w4=0.0",89560158.46,128047288.34
2024-02-27,0.78158,"w1=0.51, w2=0.35, w3=0.15, w4=0.0",89586226.95,128655043.08
2024-02-28,0.784777,"w1=0.51, w2=0.35, w3=0.15, w4=0.0",89509028.29,128878137.22
2024-02-29,0.801194,"w1=0.51, w2=0.35, w3=0.15, w4=0.0",89388312.6,130435070.3
2024-03-01,0.833817,"w1=0.51, w2=0.35, w3=0.15, w4=0.0",89483009.37,134108028.6
2024-03-02,0.806696,"w1=0.51, w2=0.35, w3=0.15, w4=0.0",89408463.04,131051500.63
2024-03-03,0.81652,"w1=0.51, w2=0.35, w3=0.15, w4=0.0",89310945.83,131964221.2
2024-03-04,0.842935,"w1=0.51, w2=0.35, w3=0.15, w4=0.0",89361017.99,134934098.89
2024-03-05,0.817649,"w1=0.51, w2=0.35, w3=0.15, w4=0.0",88928229.75,131520237.16
2024-03-06,0.875604,"w1=0.51, w2=0.35, w3=0.15, w4=0.0",88897377.05,137911724.77
2024-03-07,0.81217,"w1=0.51, w2=0.35, w3=0.15, w4=0.0",88895436.65,130883642.94
2024-03-08,0.780042,"w1=0.51, w2=0.35, w3=0.15, w4=0.0",88830276.06,127410382.71
2024-03-09,0.777015,"w1=0.51, w2=0.35, w3=0.15, w4=0.0",88512924.77,126644075.26
2024-03-10,0.763233,"w1=0.51, w2=0.35, w3=0.15, w4=0.0",88407597.3,125091178.7
2024-03-11,0.771236,"w1=0.51, w2=0.35, w3=0.15, w4=0.0",88296552.52,125744746.2
2024-03-12,0.791648,"w1=0.51, w2=0.35, w3=0.15, w4=0.0",88219431.85,127732569.33
2024-03-13,0.795325,"w1=0.51, w2=0.35, w3=0.15, w4=0.0",88112918.98,127960663.14
2024-03-14,0.772196,"w1=0.51, w2=0.35, w3=0.15, w4=0.0",87943411.54,125339155.32
2024-03-15,0.782662,"w1=0.51, w2=0.35, w3=0.15, w4=0.0",88118244.96,126658013.43
2024-03-16,0.795011,"w1=0.51, w2=0.35, w3=0.15, w4=0.0",87972794.4,127724514.5
2024-03-17,0.778122,"w1=0.51, w2=0.35, w3=0.15, w4=0.0",87971519.81,125982403.62
2024-03-18,0.772218,"w1=0.51, w2=0.35, w3=0.15, w4=0.0",87831849.04,125182382.33
2024-03-19,0.777158,"w1=0.51, w2=0.35, w3=0.15, w4=0.0",87734647.89,125545064.93
2024-03-20,0.807946,"w1=0.51, w2=0.35, w3=0.15, w4=0.0",87788859.65,128808973.72
2024-03-21,0.819403,"w1=0.51, w2=0.35, w3=0.15, w4=0.0",87800313.33,130038778.17
2024-03-22,0.774607,"w1=0.51, w2=0.35, w3=0.15, w4=0.0",87831227.39,125423822.09
2024-03-23,0.785977,"w1=0.51, w2=0.35, w3=0.15, w4=0.0",87936657.08,126737624.76
2024-03-24,0.756326,"w1=0.51, w2=0.35, w3=0.15, w4=0.0",87882593.71,123657493.0
2024-03-25,0.767799,"w1=0.51, w2=0.35, w3=0.15, w4=0.0",87931745.46,124877645.31
2024-03-26,0.762229,"w1=0.51, w2=0.35, w3=0.15, w4=0.0",88559371.16,125204415.0
2024-03-27,0.757853,"w1=0.51, w2=0.35, w3=0.15, w4=0.0",88546971.22,124745764.24
2024-03-28,0.764521,"w1=0.51, w2=0.35, w3=0.15, w4=0.0",88620240.73,125522534.87
2024-03-29,0.745908,"w1=0.51, w2=0.35, w3=0.15, w4=0.0",88533266.3,123533020.58
2024-03-30,0.740033,"w1=0.51, w2=0.35, w3=0.15, w4=0.0",88441500.7,122824189.64
2024-03-31,0.740605,"w1=0.51, w2=0.35, w3=0.15, w4=0.0",88492284.67,122951134.65
2024-04-01,0.739179,"w1=0.51, w2=0.35, w3=0.15, w4=0.0",87858703.55,121931257.44
2024-04-02,0.753987,"w1=0.51, w2=0.35, w3=0.15, w4=0.0",87853392.02,123383692.12
2024-04-03,0.773994,"w1=0.51, w2=0.35, w3=0.15, w4=0.0",87764313.74,125266077.91
2024-04-04,0.762139,"w1=0.51, w2=0.35, w3=0.15, w4=0.0",87633583.12,123886545.02
2024-04-05,0.760397,"w1=0.51, w2=0.35, w3=0.15, w4=0.0",87520023.89,123552214.64
2024-04-06,0.770571,"w1=0.51, w2=0.35, w3=0.15, w4=0.0",87566237.1,124637621.24
2024-04-07,0.758567,"w1=0.51, w2=0.35, w3=0.15, w4=0.0",87528083.95,123381353.21
2024-04-08,0.75903,"w1=0.51, w2=0.35, w3=0.15, w4=0.0",87529307.28,123429152.16
2024-04-09,0.777405,"w1=0.51, w2=0.35, w3=0.15, w4=0.0",87424661.84,125126528.18
2024-04-10,0.77543,"w1=0.51, w2=0.35, w3=0.15, w4=0.0",87453176.85,124967226.48
2024-04-11,0.772091,"w1=0.51, w2=0.35, w3=0.15, w4=0.0",87439930.45,124610992.76
2024-04-12,0.768248,"w1=0.51, w2=0.35, w3=0.15, w4=0.0",87362808.55,124114700.48
2024-04-13,0.82732,"w1=0.51, w2=0.35, w3=0.15, w4=0.0",87380343.63,130259677.91
2024-04-14,0.879256,"w1=0.51, w2=0.35, w3=0.15, w4=0.0",87382509.44,135973669.06
2024-04-15,0.830914,"w1=0.51, w2=0.35, w3=0.15, w4=0.0",87433944.86,130724832.78
2024-04-16,0.831538,"w1=0.51, w2=0.35, w3=0.15, w4=0.0",87473043.36,130850359.65
2024-04-17,0.828587,"w1=0.51, w2=0.35, w3=0.15, w4=0.0",87308271.1,130287686.56
2024-04-18,0.812456,"w1=0.51, w2=0.35, w3=0.15, w4=0.0",88034154.58,129645865.46
2024-04-19,0.804505,"w1=0.51, w2=0.35, w3=0.15, w4=0.0",88054305.71,128835995.15
2024-04-20,0.82255,"w1=0.51, w2=0.35, w3=0.15, w4=0.0",88209367.8,130981986.31
2024-04-21,0.80542,"w1=0.51, w2=0.35, w3=0.15, w4=0.0",88130297.71,129043516.03
2024-04-22,0.798843,"w1=0.51, w2=0.35, w3=0.15, w4=0.0",88071049.91,128266880.63
2024-04-23,0.81197,"w1=0.51, w2=0.35, w3=0.15, w4=0.0",88207736.99,129849884.01
2024-04-24,0.804089,"w1=0.51, w2=0.35, w3=0.15, w4=0.0",88182057.69,128979122.41
2024-04-25,0.818662,"w1=0.51, w2=0.35, w3=0.15, w4=0.0",88158125.71,130489498.92
2024-04-26,0.806869,"w1=0.51, w2=0.35, w3=0.15, w4=0.0",88133480.21,129200929.81
2024-04-27,0.806029,"w1=0.51, w2=0.35, w3=0.15, w4=0.0",88194089.48,129201138.31
2024-04-28,0.827394,"w1=0.51, w2=0.35, w3=0.15, w4=0.0",88295316.35,131631641.88
2024-04-29,0.836407,"w1=0.51, w2=0.35, w3=0.15, w4=0.0",87995713.72,132160236.52
2024-04-30,0.809694,"w1=0.51, w2=0.35, w3=0.15, w4=0.0",89849027.64,132020174.64
2024-05-01,0.814425,"w1=0.51, w2=0.35, w3=0.15, w4=0.0",89888205.58,132589651.98
2024-05-02,0.863984,"w1=0.51, w2=0.35, w3=0.15, w4=0.0",89953943.41,138212199.14
2024-05-03,0.818894,"w1=0.51, w2=0.35, w3=0.15, w4=0.0",89934444.98,133144060.98
2024-05-04,0.801891,"w1=0.51, w2=0.35, w3=0.15, w4=0.0",89945118.96,131322178.9
2024-05-05,0.794689,"w1=0.51, w2=0.35, w3=0.15, w4=0.0",89845344.33,130409014.01
2024-05-06,0.777992,"w1=0.51, w2=0.35, w3=0.15, w4=0.0",90084718.9,128995085.08
2024-05-07,0.783052,"w1=0.51, w2=0.35, w3=0.15, w4=0.0",90179819.12,129662277.02
2024-05-08,0.779213,"w1=0.51, w2=0.35, w3=0.15, w4=0.0",90061355.04,129089334.19
2024-05-09,0.775252,"w1=0.51, w2=0.35, w3=0.15, w4=0.0",90049386.85,128658561.17
2024-05-10,0.769535,"w1=0.51, w2=0.35, w3=0.15, w4=0.0",89690563.55,127554362.41
2024-05-11,0.776906,"w1=0.51, w2=0.35, w3=0.15, w4=0.0",89574704.01,128151947.62
2024-05-12,0.766879,"w1=0.51, w2=0.35, w3=0.15, w4=0.0",89528147.97,127050296.84
2024-05-13,0.764208,"w1=0.51, w2=0.35, w3=0.15, w4=0.0",89525380.25,126772534.27
2024-05-14,0.78668,"w1=0.51, w2=0.35, w3=0.15, w4=0.0",89510478.93,129079561.39
2024-05-15,0.7866,"w1=0.51, w2=0.35, w3=0.15, w4=0.0",89685404.96,129323410.94
2024-05-16,0.81044,"w1=0.51, w2=0.35, w3=0.15, w4=0.0",89710708.21,131897322.58
2024-05-17,0.796477,"w1=0.51, w2=0.35, w3=0.15, w4=0.0",90081005.12,130941557.88
2024-05-18,0.830826,"w1=0.51, w2=0.35, w3=0.15, w4=0.0",90167531.58,134802145.33
2024-05-19,0.804838,"w1=0.51, w2=0.35, w3=0.15, w4=0.0",90151378.06,131940162.77
2024-05-20,0.804241,"w1=0.51, w2=0.35, w3=0.15, w4=0.0",90115137.82,131822883.48
2024-05-21,0.838369,"w1=0.51, w2=0.35, w3=0.15, w4=0.0",90260120.84,135780180.77
2024-05-22,0.85083,"w1=0.51, w2=0.35, w3=0.15, w4=0.0",92102246.58,139981946.91
2024-05-23,0.836814,"w1=0.51, w2=0.35, w3=0.15, w4=0.0",92127087.04,138411461.56
2024-05-24,0.890761,"w1=0.51, w2=0.35, w3=0.15, w4=0.0",92162616.87,144792148.16
2024-05-25,0.817831,"w1=0.51, w2=0.35, w3=0.15, w4=0.0",92208691.7,136392195.03
2024-05-26,0.796905,"w1=0.51, w2=0.35, w3=0.15, w4=0.0",92203522.21,134073571.46
2024-05-27,0.796712,"w1=0.51, w2=0.35, w3=0.15, w4=0.0",92292869.57,134182397.87
2024-05-28,0.818758,"w1=0.51, w2=0.35, w3=0.15, w4=0.0",91509627.27,135460960.07
2024-05-29,0.819743,"w1=0.51, w2=0.35, w3=0.15, w4=0.0",91487195.13,135537070.25
2024-05-30,0.809048,"w1=0.51, w2=0.35, w3=0.15, w4=0.0",91506397.84,134384488.02
2024-05-31,0.809314,"w1=0.51, w2=0.35, w3=0.15, w4=0.0",91617738.87,134577246.73
2024-06-01,0.805924,"w1=0.51, w2=0.35, w3=0.15, w4=0.0",91601800.05,134181807.89
2024-06-02,0.795099,"w1=0.51, w2=0.35, w3=0.15, w4=0.0",91523651.09,132889394.65
2024-06-03,0.803867,"w1=0.51, w2=0.35, w3=0.15, w4=0.0",91550933.4,133882340.22
2024-06-04,0.810839,"w1=0.51, w2=0.35, w3=0.15, w4=0.0",91537560.0,134627153.0
2024-06-05,0.80915,"w1=0.51, w2=0.35, w3=0.15, w4=0.0",91492905.57,134375871.7
2024-06-06,0.81104,"w1=0.51, w2=0.35, w3=0.15, w4=0.0",91623086.54,134775081.59
2024-06-07,0.803711,"w1=0.51, w2=0.35, w3=0.15, w4=0.0",92014800.08,134543563.54
2024-06-08,0.847049,"w1=0.51, w2=0.35, w3=0.15, w4=0.0",92057988.14,139478779.81
2024-06-09,0.821405,"w1=0.51, w2=0.35, w3=0.15, w4=0.0",92077123.42,136596944.77
2024-06-10,0.821916,"w1=0.51, w2=0.35, w3=0.15, w4=0.0",92034538.0,136590967.31
2024-06-11,0.822991,"w1=0.51, w2=0.35, w3=0.15, w4=0.0",92137133.32,136863797.48
2024-06-12,0.862202,"w1=0.51, w2=0.35, w3=0.15, w4=0.0",91992642.8,141136178.25
2024-06-13,0.835258,"w1=0.51, w2=0.35, w3=0.15, w4=0.0",91978806.23,138011916.21
2024-06-14,0.816807,"w1=0.51, w2=0.35, w3=0.15, w4=0.0",91920314.72,135851690.64
2024-06-15,0.825737,"w1=0.51, w2=0.35, w3=0.15, w4=0.0",91843238.31,136734858.0
2024-06-16,0.804815,"w1=0.51, w2=0.35, w3=0.15, w4=0.0",91807293.58,134361139.48
2024-06-17,0.798459,"w1=0.51, w2=0.35, w3=0.15, w4=0.0",91892473.37,133790540.58
2024-06-18,0.826508,"w1=0.51, w2=0.35, w3=0.15, w4=0.0",91702472.8,136611690.65
2024-06-19,0.84079,"w1=0.51, w2=0.35, w3=0.15, w4=0.0",91838845.84,138430753.69
2024-06-20,0.831061,"w1=0.51, w2=0.35, w3=0.15, w4=0.0",91820085.9,137299250.74
2024-06-21,0.832446,"w1=0.51, w2=0.35, w3=0.15, w4=0.0",91833776.37,137476096.44
2024-06-22,0.825774,"w1=0.51, w2=0.35, w3=0.15, w4=0.0",91695638.82,136519258.53
2024-06-23,0.810785,"w1=0.51, w2=0.35, w3=0.15, w4=0.0",91738252.23,134916362.07
2024-06-24,0.83114,"w1=0.51, w2=0.35, w3=0.15, w4=0.0",89867679.15,134388525.02
2024-06-25,0.862703,"w1=0.51, w2=0.35, w3=0.15, w4=0.0",89550269.67,137446066.88
2024-06-26,0.845627,"w1=0.51, w2=0.35, w3=0.15, w4=0.0",89527073.33,135485156.57
2024-06-27,0.841976,"w1=0.51, w2=0.35, w3=0.15, w4=0.0",89473482.64,134997207.63
2024-06-28,0.851798,"w1=0.51, w2=0.35, w3=0.15, w4=0.0",89470105.78,136090215.11
2024-06-29,0.843477,"w1=0.51, w2=0.35, w3=0.15, w4=0.0",89434109.06,135104797.96
2024-06-30,0.828454,"w1=0.51, w2=0.35, w3=0.15, w4=0.0",89541378.2,133605498.81
2024-07-01,0.834142,"w1=0.51, w2=0.35, w3=0.15, w4=0.0",89447407.48,134090498.34
2024-07-02,0.843286,"w1=0.51, w2=0.35, w3=0.15, w4=0.0",89361238.49,134973467.36
2024-07-03,0.835198,"w1=0.51, w2=0.35, w3=0.15, w4=0.0",89475138.26,134248599.56
2024-07-04,0.851846,"w1=0.51, w2=0.35, w3=0.15, w4=0.0",89321546.33,135869631.83
2024-07-05,0.905184,"w1=0.51, w2=0.35, w3=0.15, w4=0.0",89145120.45,141748653.45
2024-07-06,0.935722,"w1=0.51, w2=0.35, w3=0.15, w4=0.0",89045778.22,145267808.38
2024-07-07,0.853643,"w1=0.51, w2=0.35, w3=0.15, w4=0.0",89046442.19,135652376.03
2024-07-08,0.846738,"w1=0.51, w2=0.35, w3=0.15, w4=0.0",89013252.87,134831052.02
2024-07-09,0.881158,"w1=0.51, w2=0.35, w3=0.15, w4=0.0",89124658.75,138904112.63
2024-07-10,0.857491,"w1=0.51, w2=0.35, w3=0.15, w4=0.0",89099698.83,136165939.01
2024-07-11,0.858434,"w1=0.51, w2=0.35, w3=0.15, w4=0.0",89076414.1,136236572.03
2024-07-12,0.823266,"w1=0.51, w2=0.35, w3=0.15, w4=0.0",92518029.94,137460587.28
2024-07-13,0.832592,"w1=0.51, w2=0.35, w3=0.15, w4=0.0",92943666.36,139154310.18
2024-07-14,0.808687,"w1=0.51, w2=0.35, w3=0.15, w4=0.0",92859199.63,136330971.43
2024-07-15,0.815652,"w1=0.51, w2=0.35, w3=0.15, w4=0.0",92797880.88,137019072.22
2024-07-16,0.835124,"w1=0.51, w2=0.35, w3=0.15, w4=0.0",92946179.66,139448066.86
2024-07-17,0.840326,"w1=0.51, w2=0.35, w3=0.15, w4=0.0",93026950.39,140168037.92
2024-07-18,0.813099,"w1=0.51, w2=0.35, w3=0.15, w4=0.0",93064894.96,137126609.7
2024-07-19,0.802355,"w1=0.51, w2=0.35, w3=0.15, w4=0.0",93015735.11,135856759.63
2024-07-20,0.810067,"w1=0.51, w2=0.35, w3=0.15, w4=0.0",92955663.19,136626566.81
2024-07-21,0.78763,"w1=0.51, w2=0.35, w3=0.15, w4=0.0",92890190.72,134056737.64
2024-07-22,0.799371,"w1=0.51, w2=0.35, w3=0.15, w4=0.0",93188485.58,135778337.55
2024-07-23,0.794657,"w1=0.51, w2=0.35, w3=0.15, w4=0.0",93171699.85,135233640.72
2024-07-24,0.820155,"w1=0.51, w2=0.35, w3=0.15, w4=0.0",93043967.81,137889945.48
2024-07-25,0.794217,"w1=0.51, w2=0.35, w3=0.15, w4=0.0",93120682.16,135111193.3
2024-07-26,0.823268,"w1=0.51, w2=0.35, w3=0.15, w4=0.0",93165679.13,138423072.54
2024-07-27,0.798009,"w1=0.51, w2=0.35, w3=0.15, w4=0.0",93148779.86,135569940.84
2024-07-28,0.79679,"w1=0.51, w2=0.35, w3=0.15, w4=0.0",93148485.0,135434960.24
2024-07-29,0.788632,"w1=0.51, w2=0.35, w3=0.15, w4=0.0",93228619.02,134654748.04
2024-07-30,0.802196,"w1=0.51, w2=0.35, w3=0.15, w4=0.0",93425277.44,136437233.6
2024-07-31,0.799441,"w1=0.51, w2=0.35, w3=0.15, w4=0.0",93571168.02,136343695.3
2024-08-01,0.831682,"w1=0.51, w2=0.35, w3=0.15, w4=0.0",93684696.02,140158914.21
2024-08-02,0.829356,"w1=0.51, w2=0.35, w3=0.15, w4=0.0",93417993.02,139493112.4
2024-08-03,0.847623,"w1=0.51, w2=0.35, w3=0.15, w4=0.0",93410284.57,141594700.9
2024-08-04,0.846109,"w1=0.51, w2=0.35, w3=0.15, w4=0.0",93350279.19,141327140.92
2024-08-05,0.844524,"w1=0.51, w2=0.35, w3=0.15, w4=0.0",93392725.92,141206742.54
2024-08-06,0.994597,"w1=0.51, w2=0.35, w3=0.15, w4=0.0",93466317.97,160287034.58
2024-08-07,0.869247,"w1=0.51, w2=0.35, w3=0.15, w4=0.0",93544392.86,144357198.88
2024-08-08,0.840768,"w1=0.51, w2=0.35, w3=0.15, w4=0.0",93565620.84,141031005.02
2024-08-09,0.836177,"w1=0.51, w2=0.35, w3=0.15, w4=0.0",93756790.99,140786122.6
2024-08-10,0.826156,"w1=0.51, w2=0.35, w3=0.15, w4=0.0",93760926.39,139637883.98
2024-08-11,0.809289,"w1=0.51, w2=0.35, w3=0.15, w4=0.0",93802967.7,137784313.61
2024-08-12,0.825787,"w1=0.51, w2=0.35, w3=0.15, w4=0.0",93763961.93,139600129.99
2024-08-13,0.850485,"w1=0.51, w2=0.35, w3=0.15, w4=0.0",93727089.06,142410900.0
2024-08-14,0.820998,"w1=0.51, w2=0.35, w3=0.15, w4=0.0",93598316.3,138807334.81
2024-08-15,0.82448,"w1=0.51, w2=0.35, w3=0.15, w4=0.0",93635648.56,139259692.75
2024-08-16,0.838286,"w1=0.51, w2=0.35, w3=0.15, w4=0.0",93595450.05,140787967.49
2024-08-17,0.830256,"w1=0.51, w2=0.35, w3=0.15, w4=0.0",93616514.74,139892919.4
2024-08-18,0.820913,"w1=0.51, w2=0.35, w3=0.15, w4=0.0",93602799.51,138804314.26
2024-08-19,0.813113,"w1=0.51, w2=0.35, w3=0.15, w4=0.0",94643446.01,139454124.9
2024-08-20,0.828335,"w1=0.51, w2=0.35, w3=0.15, w4=0.0",94636174.6,141193694.55
2024-08-21,0.812005,"w1=0.51, w2=0.35, w3=0.15, w4=0.0",94632018.16,139311002.15
2024-08-22,0.828712,"w1=0.51, w2=0.35, w3=0.15, w4=0.0",92140996.58,137513540.73
2024-08-23,0.825731,"w1=0.51, w2=0.35, w3=0.15, w4=0.0",92116210.8,137140580.27
2024-08-24,0.840331,"w1=0.51, w2=0.35, w3=0.15, w4=0.0",92133892.01,138822996.88
2024-08-25,0.826996,"w1=0.51, w2=0.35, w3=0.15, w4=0.0",92119526.8,137287961.08
2024-08-26,0.827103,"w1=0.51, w2=0.35, w3=0.15, w4=0.0",92172616.36,137379146.18
2024-08-27,0.827124,"w1=0.51, w2=0.35, w3=0.15, w4=0.0",92133476.06,137323176.26
2024-08-28,0.859189,"w1=0.51, w2=0.35, w3=0.15, w4=0.0",92170397.75,141056694.23
2024-08-29,0.857619,"w1=0.51, w2=0.35, w3=0.15, w4=0.0",92307798.24,141083626.77
2024-08-30,0.811248,"w1=0.51, w2=0.35, w3=0.15, w4=0.0",96919994.58,142590933.14
2024-08-31,0.806335,"w1=0.51, w2=0.35, w3=0.15, w4=0.0",97025412.98,142174221.15
2024-09-01,0.779307,"w1=0.51, w2=0.35, w3=0.15, w4=0.0",97001934.77,139048202.34
2024-09-02,0.791062,"w1=0.51, w2=0.35, w3=0.15, w4=0.0",96783939.89,140066315.0
2024-09-03,0.796009,"w1=0.51, w2=0.35, w3=0.15, w4=0.0",96746344.69,140576695.43
2024-09-04,0.790734,"w1=0.51, w2=0.35, w3=0.15, w4=0.0",96740198.88,139965673.89
2024-09-05,0.810964,"w1=0.51, w2=0.35, w3=0.15, w4=0.0",96580575.96,142058588.71
2024-09-06,0.804955,"w1=0.51, w2=0.35, w3=0.15, w4=0.0",96505738.28,141253511.96
2024-09-07,0.831232,"w1=0.51, w2=0.35, w3=0.15, w4=0.0",96509530.57,144331688.56
2024-09-08,0.808667,"w1=0.51, w2=0.35, w3=0.15, w4=0.0",96506010.03,141682710.83
2024-09-09,0.812597,"w1=0.51, w2=0.35, w3=0.15, w4=0.0",96449746.37,142055691.62
2024-09-10,0.803175,"w1=0.51, w2=0.35, w3=0.15, w4=0.0",96433178.68,140942446.31
2024-09-11,0.810027,"w1=0.51, w2=0.35, w3=0.15, w4=0.0",96402362.36,141687905.82
2024-09-12,0.810953,"w1=0.51, w2=0.35, w3=0.15, w4=0.0",96551514.37,142014565.6
2024-09-13,0.803711,"w1=0.51, w2=0.35, w3=0.15, w4=0.0",96538989.26,141158809.5
2024-09-14,0.802731,"w1=0.51, w2=0.35, w3=0.15, w4=0.0",96491954.82,140977280.4
2024-09-15,0.796913,"w1=0.51, w2=0.35, w3=0.15, w4=0.0",96486596.71,140302524.24
2024-09-16,0.799354,"w1=0.51, w2=0.35, w3=0.15, w4=0.0",96501088.42,140602948.3
2024-09-17,0.808829,"w1=0.51, w2=0.35, w3=0.15, w4=0.0",96511773.15,141709925.67
2024-09-18,0.819878,"w1=0.51, w2=0.35, w3=0.15, w4=0.0",96431221.88,142877382.11
2024-09-19,0.820084,"w1=0.51, w2=0.35, w3=0.15, w4=0.0",96513438.94,143023336.09
2024-09-20,0.827908,"w1=0.51, w2=0.35, w3=0.15, w4=0.0",96481496.78,143896393.74
2024-09-21,0.830139,"w1=0.51, w2=0.35, w3=0.15, w4=0.0",96486039.19,144167047.76
2024-09-22,0.818328,"w1=0.51, w2=0.35, w3=0.15, w4=0.0",96489241.06,142781949.2
2024-09-23,0.818017,"w1=0.51, w2=0.35, w3=0.15, w4=0.0",96600230.7,142909786.46
2024-09-24,0.824234,"w1=0.51, w2=0.35, w3=0.15, w4=0.0",96571923.69,143597693.28
2024-09-25,0.82725,"w1=0.51, w2=0.35, w3=0.15, w4=0.0",96553128.98,143925468.14
2024-09-26,0.820876,"w1=0.51, w2=0.35, w3=0.15, w4=0.0",96571826.14,143202764.62
2024-09-27,0.828014,"w1=0.51, w2=0.35, w3=0.15, w4=0.0",96485931.78,143915531.5
2024-09-28,0.876162,"w1=0.51, w2=0.35, w3=0.15, w4=0.0",96473587.16,149734537.37
2024-09-29,0.84942,"w1=0.51, w2=0.35, w3=0.15, w4=0.0",96423332.19,146378885.46
2024-09-30,0.866151,"w1=0.51, w2=0.35, w3=0.15, w4=0.0",96085507.81,147898516.55
2024-10-01,0.884438,"w1=0.51, w2=0.35, w3=0.15, w4=0.0",96078504.58,150151195.08
2024-10-02,0.904959,"w1=0.51, w2=0.35, w3=0.15, w4=0.0",96022857.39,152656129.65
2024-10-03,0.885846,"w1=0.51, w2=0.35, w3=0.15, w4=0.0",95990050.24,150188918.62
2024-10-04,0.889497,"w1=0.51, w2=0.35, w3=0.15, w4=0.0",96014791.16,150685257.41
2024-10-05,0.873125,"w1=0.51, w2=0.35, w3=0.15, w4=0.0",95738246.34,148218927.44
2024-10-06,0.859178,"w1=0.51, w2=0.35, w3=0.15, w4=0.0",95716910.94,146482910.93
2024-10-07,0.855673,"w1=0.51, w2=0.35, w3=0.15, w4=0.0",95770622.34,146140887.77
2024-10-08,0.876155,"w1=0.51, w2=0.35, w3=0.15, w4=0.0",95682096.58,148505218.59
2024-10-09,0.839158,"w1=0.51, w2=0.35, w3=0.15, w4=0.0",99118293.62,149202589.17
2024-10-10,0.840173,"w1=0.51, w2=0.35, w3=0.15, w4=0.0",100267291.4,151058363.23
2024-10-11,0.834516,"w1=0.51, w2=0.35, w3=0.15, w4=0.0",99681618.43,149478553.42
2024-10-12,0.835537,"w1=0.51, w2=0.35, w3=0.15, w4=0.0",100498371.7,150829920.56
2024-10-13,0.819117,"w1=0.51, w2=0.35, w3=0.15, w4=0.0",100379230.6,148634261.98
2024-10-14,0.818662,"w1=0.51, w2=0.35, w3=0.15, w4=0.0",100416737.0,148634395.17
2024-10-15,0.829189,"w1=0.51, w2=0.35, w3=0.15, w4=0.0",100286017.3,149728010.71
2024-10-16,0.836294,"w1=0.51, w2=0.35, w3=0.15, w4=0.0",100215734.4,150499420.9
2024-10-17,0.83213,"w1=0.51, w2=0.35, w3=0.15, w4=0.0",100123192.5,149846515.65
2024-10-18,0.82245,"w1=0.51, w2=0.35, w3=0.15, w4=0.0",100045105.5,148544680.66
2024-10-19,0.818236,"w1=0.51, w2=0.35, w3=0.15, w4=0.0",100014220.1,147986959.5
2024-10-20,0.805843,"w1=0.51, w2=0.35, w3=0.15, w4=0.0",99910455.15,146342965.18
2024-10-21,0.82823,"w1=0.51, w2=0.35, w3=0.15, w4=0.0",99597610.78,148583165.43
2024-10-22,0.804401,"w1=0.51, w2=0.35, w3=0.15, w4=0.0",103099325.5,150836200.52
2024-10-23,0.796299,"w1=0.51, w2=0.35, w3=0.15, w4=0.0",104038775.9,151208623.24
2024-10-24,0.82805,"w1=0.51, w2=0.35, w3=0.15, w4=0.0",104069060.1,155230886.8
2024-10-25,0.819655,"w1=0.51, w2=0.35, w3=0.15, w4=0.0",104015724.2,154086811.35
2024-10-26,0.850535,"w1=0.51, w2=0.35, w3=0.15, w4=0.0",104125044.0,158216301.22
2024-10-27,0.834593,"w1=0.51, w2=0.35, w3=0.15, w4=0.0",104192399.7,156252633.31
2024-10-28,0.802645,"w1=0.51, w2=0.35, w3=0.15, w4=0.0",104209804.2,152242580.85
2024-10-29,0.828539,"w1=0.51, w2=0.35, w3=0.15, w4=0.0",103977222.3,155156180.24
2024-10-30,0.857492,"w1=0.51, w2=0.35, w3=0.15, w4=0.0",104020752.0,158969056.82
2024-10-31,0.848654,"w1=0.51, w2=0.35, w3=0.15, w4=0.0",104355322.8,158320210.25
2024-11-01,0.844879,"w1=0.51, w2=0.35, w3=0.15, w4=0.0",104495267.2,158039666.83
2024-11-02,0.859784,"w1=0.51, w2=0.35, w3=0.15, w4=0.0",104336123.9,159753634.31
2024-11-03,0.859702,"w1=0.51, w2=0.35, w3=0.15, w4=0.0",104532690.5,160043746.39
2024-11-04,0.867714,"w1=0.51, w2=0.35, w3=0.15, w4=0.0",104349368.0,160826801.91
2024-11-05,0.864093,"w1=0.51, w2=0.35, w3=0.15, w4=0.0",105595617.9,162259927.74
2024-11-06,0.846025,"w1=0.51, w2=0.35, w3=0.15, w4=0.0",105627446.7,159903013.66
2024-11-07,0.893702,"w1=0.51, w2=0.35, w3=0.15, w4=0.0",105666767.9,166415535.91
2024-11-08,0.874301,"w1=0.51, w2=0.35, w3=0.15, w4=0.0",106307039.9,164741978.67
2024-11-09,0.84881,"w1=0.51, w2=0.35, w3=0.15, w4=0.0",106311596.8,161308889.89
2024-11-10,0.870701,"w1=0.51, w2=0.35, w3=0.15, w4=0.0",106194359.2,164076339.02
2024-11-11,0.973572,"w1=0.51, w2=0.35, w3=0.15, w4=0.0",105929217.4,178435558.62
2024-11-12,0.948008,"w1=0.51, w2=0.35, w3=0.15, w4=0.0",105961244.9,174664653.48
2024-11-13,0.984832,"w1=0.51, w2=0.35, w3=0.15, w4=0.0",105971139.5,180224604.06
2024-11-14,0.957748,"w1=0.51, w2=0.35, w3=0.15, w4=0.0",106015541.5,176199828.12
2024-11-15,0.906341,"w1=0.51, w2=0.35, w3=0.15, w4=0.0",105907309.6,168565120.37
2024-11-16,0.861774,"w1=0.51, w2=0.35, w3=0.15, w4=0.0",105267288.5,161445075.14
2024-11-17,0.879438,"w1=0.51, w2=0.35, w3=0.15, w4=0.0",105243116.7,163790882.1
2024-11-18,0.889229,"w1=0.51, w2=0.35, w3=0.15, w4=0.0",105202049.0,165066832.71
2024-11-19,0.874171,"w1=0.51, w2=0.35, w3=0.15, w4=0.0",105156734.4,162941781.58
2024-11-20,0.841901,"w1=0.51, w2=0.35, w3=0.15, w4=0.0",105123083.3,158599458.33
2024-11-21,0.864658,"w1=0.51, w2=0.35, w3=0.15, w4=0.0",104486181.4,160630315.05
2024-11-22,0.995852,"w1=0.51, w2=0.35, w3=0.15, w4=0.0",104598570.3,179570255.49
2024-11-23,0.969369,"w1=0.51, w2=0.35, w3=0.15, w4=0.0",104491399.5,175386333.32
2024-11-24,0.932674,"w1=0.51, w2=0.35, w3=0.15, w4=0.0",104610277.8,170221926.08
2024-11-25,0.883638,"w1=0.51, w2=0.35, w3=0.15, w4=0.0",104476420.7,163166745.7
2024-11-26,0.938556,"w1=0.51, w2=0.35, w3=0.15, w4=0.0",104333549.2,170615059.62
2024-11-27,0.882434,"w1=0.51, w2=0.35, w3=0.15, w4=0.0",104240738.0,162635636.78
2024-11-28,0.869912,"w1=0.51, w2=0.35, w3=0.15, w4=0.0",103760796.7,160211444.3
2024-11-29,0.869371,"w1=0.51, w2=0.35, w3=0.15, w4=0.0",103690143.2,160030523.33
2024-11-30,0.8051,"w1=0.51, w2=0.35, w3=0.15, w4=0.0",104105543.4,152395228.67
2024-12-01,0.923912,"w1=0.51, w2=0.35, w3=0.15, w4=0.0",104721724.31083363,169152067.82
2024-12-02,1.037927,"w1=0.51, w2=0.35, w3=0.15, w4=0.0",104637488.60750312,186239564.31
2024-12-03,1.040581,"w1=0.51, w2=0.35, w3=0.15, w4=0.0",104624335.69349736,186642647.38
2024-12-04,1.007444,"w1=0.51, w2=0.35, w3=0.15, w4=0.0",104675042.1636807,181491583.36
2024-12-05,0.987707,"w1=0.51, w2=0.35, w3=0.15, w4=0.0",104781360.70288068,178638289.79
2024-12-06,0.98601,"w1=0.51, w2=0.35, w3=0.15, w4=0.0",104934570.24650478,178640926.44
2024-12-07,0.962688,"w1=0.51, w2=0.35, w3=0.15, w4=0.0",105126454.04385924,175454969.99
2024-12-08,0.93358,"w1=0.51, w2=0.35, w3=0.15, w4=0.0",105349472.85686173,171555572.37
2024-12-09,0.924853,"w1=0.51, w2=0.35, w3=0.15, w4=0.0",105596938.1587541,170700688.66
2024-12-10,0.878826,"w1=0.51, w2=0.35, w3=0.15, w4=0.0",105862981.56962362,164671776.84
2024-12-11,0.90967,"w1=0.51, w2=0.35, w3=0.15, w4=0.0",106142412.22216906,169410769.5
2024-12-12,0.958362,"w1=0.51, w2=0.35, w3=0.15, w4=0.0",106430696.3853814,176981823.11
2024-12-13,1.008567,"w1=0.51, w2=0.35, w3=0.15, w4=0.0",106723860.67702812,185221959.65
2024-12-14,1.008871,"w1=0.51, w2=0.35, w3=0.15, w4=0.0",107018502.2518126,185781677.52
2024-12-15,0.966458,"w1=0.51, w2=0.35, w3=0.15, w4=0.0",107311697.10793802,179675675.1
2024-12-16,0.944909,"w1=0.51, w2=0.35, w3=0.15, w4=0.0",107600979.71078832,176903916.94
2024-12-17,0.942253,"w1=0.51, w2=0.35, w3=0.15, w4=0.0",107884312.4284493,176972549.71
2024-12-18,0.93672,"w1=0.51, w2=0.35, w3=0.15, w4=0.0",108160044.77907056,176598955.4
2024-12-19,0.933083,"w1=0.51, w2=0.35, w3=0.15, w4=0.0",108426893.0545462,176493094.55
2024-12-20,0.907684,"w1=0.51, w2=0.35, w3=0.15, w4=0.0",108683848.62707868,173178881.99
2024-12-21,0.883273,"w1=0.51, w2=0.35, w3=0.15, w4=0.0",108930249.2662959,170070871.93
2024-12-22,0.882928,"w1=0.51, w2=0.35, w3=0.15, w4=0.0",109165595.75237893,170389388.41
2024-12-23,0.945367,"w1=0.51, w2=0.35, w3=0.15, w4=0.0",109389643.56949806,179914174.32
2024-12-24,0.977761,"w1=0.51, w2=0.35, w3=0.15, w4=0.0",109602290.83605756,185281471.98
2024-12-25,0.979995,"w1=0.51, w2=0.35, w3=0.15, w4=0.0",109803619.05733408,185974959.13
2024-12-26,0.967576,"w1=0.51, w2=0.35, w3=0.15, w4=0.0",109993770.86756147,184341161.62
2024-12-27,0.954442,"w1=0.51, w2=0.35, w3=0.15, w4=0.0",110173000.97072914,182597902.79
2024-12-28,0.946977,"w1=0.51, w2=0.35, w3=0.15, w4=0.0",110341676.14058156,181726925.35
2024-12-29,0.935264,"w1=0.51, w2=0.35, w3=0.15, w4=0.0",110500142.77454412,180198558.03
2024-12-30,0.910388,"w1=0.51, w2=0.35, w3=0.15, w4=0.0",110648838.9634784,176709574.69
2024-12-31,0.88953,"w1=0.51, w2=0.35, w3=0.15, w4=0.0",109009289.00824532,171083479.6
2025-01-01,0.910674,"w1=0.51, w2=0.35, w3=0.15, w4=0.0",108992040.45409216,174105320.4
2025-01-02,0.948849,"w1=0.51, w2=0.35, w3=0.15, w4=0.0",108844098.18896613,179544244.42
2025-01-03,1.021318,"w1=0.51, w2=0.35, w3=0.15, w4=0.0",108661169.78387427,190657569.06
2025-01-04,1.064334,"w1=0.51, w2=0.35, w3=0.15, w4=0.0",108481460.83720684,197537843.78
2025-01-05,1.050119,"w1=0.51, w2=0.35, w3=0.15, w4=0.0",108327028.71443424,194845400.69
2025-01-06,1.017727,"w1=0.51, w2=0.35, w3=0.15, w4=0.0",108208234.77383997,189278510.76
2025-01-07,1.004081,"w1=0.51, w2=0.35, w3=0.15, w4=0.0",108128023.39353988,186939742.6
2025-01-08,0.993685,"w1=0.51, w2=0.35, w3=0.15, w4=0.0",108085110.86542812,185212807.56
2025-01-09,0.972576,"w1=0.51, w2=0.35, w3=0.15, w4=0.0",108075768.3231018,181897373.57
2025-01-10,0.967351,"w1=0.51, w2=0.35, w3=0.15, w4=0.0",108095248.08420096,181124794.55
2025-01-11,0.940894,"w1=0.51, w2=0.35, w3=0.15, w4=0.0",108138435.69262113,177186141.62
2025-01-12,0.918628,"w1=0.51, w2=0.35, w3=0.15, w4=0.0",108200461.20808752,173997345.79
2025-01-13,0.978917,"w1=0.51, w2=0.35, w3=0.15, w4=0.0",108276801.08775072,183220837.94
2025-01-14,1.037056,"w1=0.51, w2=0.35, w3=0.15, w4=0.0",108363522.70201647,192726668.25
2025-01-15,1.032885,"w1=0.51, w2=0.35, w3=0.15, w4=0.0",108457253.77006686,192201727.56
2025-01-16,1.009065,"w1=0.51, w2=0.35, w3=0.15, w4=0.0",108555172.1717008,188480614.23
2025-01-17,0.995023,"w1=0.51, w2=0.35, w3=0.15, w4=0.0",108654955.00653616,186402080.62
2025-01-18,1.001859,"w1=0.51, w2=0.35, w3=0.15, w4=0.0",108754778.59400985,187666323.76
2025-01-19,0.997905,"w1=0.51, w2=0.35, w3=0.15, w4=0.0",108853186.02730316,187202389.28
2025-01-20,0.980124,"w1=0.51, w2=0.35, w3=0.15, w4=0.0",108949066.79702295,184547858.42
2025-01-21,0.96043,"w1=0.51, w2=0.35, w3=0.15, w4=0.0",109041626.22672272,181641415.49
2025-01-22,0.936583,"w1=0.51, w2=0.35, w3=0.15, w4=0.0",109130263.21498775,178162514.75
2025-01-23,0.917007,"w1=0.51, w2=0.35, w3=0.15, w4=0.0",109214600.79991396,175389475.61
2025-01-24,0.984981,"w1=0.51, w2=0.35, w3=0.15, w4=0.0",109294425.03015035,185900096.02
2025-01-25,1.048332,"w1=0.51, w2=0.35, w3=0.15, w4=0.0",109369623.83594164,196417272.55
2025-01-26,1.053591,"w1=0.51, w2=0.35, w3=0.15, w4=0.0",109440207.4054474,197439219.56
2025-01-27,1.032079,"w1=0.51, w2=0.35, w3=0.15, w4=0.0",109506206.30314636,193926035.85
2025-01-28,1.013706,"w1=0.51, w2=0.35, w3=0.15, w4=0.0",109567793.7277512,190996831.72
2025-01-29,1.009344,"w1=0.51, w2=0.35, w3=0.15, w4=0.0",109625112.31349592,190383802.22
2025-01-30,0.974929,"w1=0.51, w2=0.35, w3=0.15, w4=0.0",111651985.53112808,188292483.6
2025-01-31,0.952651,"w1=0.51, w2=0.35, w3=0.15, w4=0.0",111856237.75420135,185106979.16
2025-02-01,0.97786,"w1=0.51, w2=0.35, w3=0.15, w4=0.0",112142280.52230816,189591261.36
2025-02-02,0.938437,"w1=0.51, w2=0.35, w3=0.15, w4=0.0",112395028.38493793,183779434.56
2025-02-03,0.958373,"w1=0.51, w2=0.35, w3=0.15, w4=0.0",112679379.918556,187374399.9
2025-02-04,1.039486,"w1=0.51, w2=0.35, w3=0.15, w4=0.0",112996781.8418214,201388312.78
2025-02-05,1.072942,"w1=0.51, w2=0.35, w3=0.15, w4=0.0",113344524.10428832,207939749.91
2025-02-06,1.059525,"w1=0.51, w2=0.35, w3=0.15, w4=0.0",113716677.19708665,206210200.12
2025-02-07,1.033554,"w1=0.51, w2=0.35, w3=0.15, w4=0.0",114106129.78483598,202328835.48
2025-02-08,1.024137,"w1=0.51, w2=0.35, w3=0.15, w4=0.0",114505831.66111344,201399731.69
2025-02-09,1.02595,"w1=0.51, w2=0.35, w3=0.15, w4=0.0",114909323.53275122,202424563.25
2025-02-10,1.012951,"w1=0.51, w2=0.35, w3=0.15, w4=0.0",115310900.03038968,200878070.73
2025-02-11,1.000427,"w1=0.51, w2=0.35, w3=0.15, w4=0.0",115705854.2243072,199416741.42
2025-02-12,0.977522,"w1=0.51, w2=0.35, w3=0.15, w4=0.0",116090314.61386693,196209514.57
2025-02-13,0.953323,"w1=0.51, w2=0.35, w3=0.15, w4=0.0",116461285.88015504,192837294.9
2025-02-14,0.953396,"w1=0.51, w2=0.35, w3=0.15, w4=0.0",116816526.62806596,193437449.79
2025-02-15,1.032022,"w1=0.51, w2=0.35, w3=0.15, w4=0.0",117154447.50470676,207460232.76
2025-02-16,1.06064,"w1=0.51, w2=0.35, w3=0.15, w4=0.0",117474050.07043944,213229430.78
2025-02-17,1.046583,"w1=0.51, w2=0.35, w3=0.15, w4=0.0",117774784.16464718,211192943.15
2025-02-18,1.024469,"w1=0.51, w2=0.35, w3=0.15, w4=0.0",118056507.153096,207704116.54
2025-02-19,1.015709,"w1=0.51, w2=0.35, w3=0.15, w4=0.0",118319443.17529649,206607119.99
2025-02-20,1.013031,"w1=0.51, w2=0.35, w3=0.15, w4=0.0",118564020.13395056,206559352.86
2025-02-21,0.999142,"w1=0.51, w2=0.35, w3=0.15, w4=0.0",118790828.94231334,204508895.6
2025-02-22,0.981878,"w1=0.51, w2=0.35, w3=0.15, w4=0.0",119000684.6531505,201875380.57
2025-02-23,0.961162,"w1=0.51, w2=0.35, w3=0.15, w4=0.0",119194402.31922768,198677093.83
2025-02-24,0.928721,"w1=0.51, w2=0.35, w3=0.15, w4=0.0",119372898.87490624,193598556.08
2025-02-25,0.93411,"w1=0.51, w2=0.35, w3=0.15, w4=0.0",119537193.13614324,194746367.28
2025-02-26,1.017053,"w1=0.51, w2=0.35, w3=0.15, w4=0.0",119688140.90834264,209238200.22
2025-02-27,1.051514,"w1=0.51, w2=0.35, w3=0.15, w4=0.0",119826720.25482322,215789590.17
2025-02-28,1.039521,"w1=0.51, w2=0.35, w3=0.15, w4=0.0",119953848.10994634,213793981.97
2025-03-01,1.069538,"w1=0.51, w2=0.35, w3=0.15, w4=0.0",119642569.27058291,218846652.62
2025-03-02,1.064149,"w1=0.51, w2=0.35, w3=0.15, w4=0.0",119658157.15472607,217854972.51
2025-03-03,1.064244,"w1=0.51, w2=0.35, w3=0.15, w4=0.0",119669303.00129645,217893200.26
2025-03-04,1.046606,"w1=0.51, w2=0.35, w3=0.15, w4=0.0",119697931.72969007,214645780.29
2025-03-05,1.026289,"w1=0.51, w2=0.35, w3=0.15, w4=0.0",119755077.1167221,211022338.13
2025-03-06,1.006737,"w1=0.51, w2=0.35, w3=0.15, w4=0.0",119843439.02467872,207665691.6
2025-03-07,0.968655,"w1=0.51, w2=0.35, w3=0.15, w4=0.0",119961051.13876282,201229766.66
2025-03-08,0.97893,"w1=0.51, w2=0.35, w3=0.15, w4=0.0",120103736.31355038,203236061.46
2025-03-09,1.057295,"w1=0.51, w2=0.35, w3=0.15, w4=0.0",120266369.90477738,217666718.18
2025-03-10,1.096865,"w1=0.51, w2=0.35, w3=0.15, w4=0.0",120443674.44578616,225611612.29
2025-03-11,1.083367,"w1=0.51, w2=0.35, w3=0.15, w4=0.0",120630708.67918496,223320742.94
2025-03-12,1.050532,"w1=0.51, w2=0.35, w3=0.15, w4=0.0",120823081.5081988,217399330.72
2025-03-13,1.031326,"w1=0.51, w2=0.35, w3=0.15, w4=0.0",121017094.63090353,214171989.09
2025-03-14,1.030943,"w1=0.51, w2=0.35, w3=0.15, w4=0.0",121209620.28231092,214442028.78
2025-03-15,1.011718,"w1=0.51, w2=0.35, w3=0.15, w4=0.0",121398223.49228364,211259166.38
2025-03-16,0.98748,"w1=0.51, w2=0.35, w3=0.15, w4=0.0",121580958.3223436,207239264.84
2025-03-17,0.962226,"w1=0.51, w2=0.35, w3=0.15, w4=0.0",121756428.99462964,203130659.5
2025-03-18,0.933859,"w1=0.51, w2=0.35, w3=0.15, w4=0.0",121923637.06950387,198592303.79
2025-03-19,0.993197,"w1=0.51, w2=0.35, w3=0.15, w4=0.0",122081930.50475375,209110401.73
2025-03-20,1.081225,"w1=0.51, w2=0.35, w3=0.15, w4=0.0",122230942.52663472,225862073.54
2025-03-21,1.090151,"w1=0.51, w2=0.35, w3=0.15, w4=0.0",122370561.06539153,227883443.6
2025-03-22,1.062888,"w1=0.51, w2=0.35, w3=0.15, w4=0.0",122500806.49734329,222786905.61
2025-03-23,1.030334,"w1=0.51, w2=0.35, w3=0.15, w4=0.0",122621882.5856814,216826934.62
2025-03-24,1.032701,"w1=0.51, w2=0.35, w3=0.15, w4=0.0",122734094.97519302,217467880.07
2025-03-25,1.021266,"w1=0.51, w2=0.35, w3=0.15, w4=0.0",122837779.87514398,215522314.13
2025-03-26,0.999373,"w1=0.51, w2=0.35, w3=0.15, w4=0.0",122933405.9408745,211682493.2
2025-03-27,0.974949,"w1=0.51, w2=0.35, w3=0.15, w4=0.0",123021360.3224483,207469586.65
2025-03-28,0.9407,"w1=0.51, w2=0.35, w3=0.15, w4=0.0",123102152.42784391,201671368.48
2025-03-29,0.953945,"w1=0.51, w2=0.35, w3=0.15, w4=0.0",123176230.53608242,204063292.24
2025-03-30,1.032421,"w1=0.51, w2=0.35, w3=0.15, w4=0.0",123244063.3025041,218318849.5
2025-03-31,1.065427,"w1=0.51, w2=0.35, w3=0.15, w4=0.0",124857429.68764047,227572894.4
2025-04-01,1.102997,"w1=0.51, w2=0.35, w3=0.15, w4=0.0",125025086.04153582,235450119.99
2025-04-02,1.070967,"w1=0.51, w2=0.35, w3=0.15, w4=0.0",125209247.21393567,229313166.42
2025-04-03,1.058786,"w1=0.51, w2=0.35, w3=0.15, w4=0.0",125450747.34839942,227342921.17
2025-04-04,1.05259,"w1=0.51, w2=0.35, w3=0.15, w4=0.0",125743809.75845043,226656050.89
2025-04-05,1.034158,"w1=0.51, w2=0.35, w3=0.15, w4=0.0",126079244.72415596,223675417.56
2025-04-06,1.019269,"w1=0.51, w2=0.35, w3=0.15, w4=0.0",126446212.0437328,221473379.47
2025-04-07,0.996734,"w1=0.51, w2=0.35, w3=0.15, w4=0.0",126834116.0312274,217907354.15
2025-04-08,0.967909,"w1=0.51, w2=0.35, w3=0.15, w4=0.0",127233420.5692816,213293769.42
2025-04-09,0.979531,"w1=0.51, w2=0.35, w3=0.15, w4=0.0",127636036.25919628,216092476.08
2025-04-10,1.066452,"w1=0.51, w2=0.35, w3=0.15, w4=0.0",128035350.98541006,233572597.18
2025-04-11,1.078663,"w1=0.51, w2=0.35, w3=0.15, w4=0.0",128426026.1523079,236781620.47
2025-04-12,1.052845,"w1=0.51, w2=0.35, w3=0.15, w4=0.0",128804027.24869978,232223344.23
2025-04-13,1.018545,"w1=0.51, w2=0.35, w3=0.15, w4=0.0",129166277.45039538,226097099.16
2025-04-14,1.012715,"w1=0.51, w2=0.35, w3=0.15, w4=0.0",129510565.92676784,225569053.17
2025-04-15,1.01088,"w1=0.51, w2=0.35, w3=0.15, w4=0.0",129835435.77099857,225779562.35
2025-04-16,0.999685,"w1=0.51, w2=0.35, w3=0.15, w4=0.0",130140051.55400272,224151582.95
2025-04-17,0.983186,"w1=0.51, w2=0.35, w3=0.15, w4=0.0",130423985.3730784,221500677.5
2025-04-18,0.961948,"w1=0.51, w2=0.35, w3=0.15, w4=0.0",130687288.16902342,217978965.47
2025-04-19,0.943612,"w1=0.51, w2=0.35, w3=0.15, w4=0.0",130930296.15110362,215023465.35
2025-04-20,0.98695,"w1=0.51, w2=0.35, w3=0.15, w4=0.0",131153600.23257408,223455219.09
2025-04-21,1.053612,"w1=0.51, w2=0.35, w3=0.15, w4=0.0",131357944.1490835,236984938.87
2025-04-22,1.057215,"w1=0.51, w2=0.35, w3=0.15, w4=0.0",131544234.64683364,238061729.35
2025-04-23,1.035252,"w1=0.51, w2=0.35, w3=0.15, w4=0.0",131713480.353622,233891281.28
2025-04-24,1.014435,"w1=0.51, w2=0.35, w3=0.15, w4=0.0",131866730.64988436,230011700.56
2025-04-25,1.015942,"w1=0.51, w2=0.35, w3=0.15, w4=0.0",132005065.48053528,230550757.78
2025-04-26,0.999301,"w1=0.51, w2=0.35, w3=0.15, w4=0.0",132129564.79048914,227503618.47
2025-04-27,0.977686,"w1=0.51, w2=0.35, w3=0.15, w4=0.0",132241298.33650094,223538205.4
2025-04-28,0.95212,"w1=0.51, w2=0.35, w3=0.15, w4=0.0",132341295.12268732,218908651.58
2025-04-29,0.917639,"w1=0.51, w2=0.35, w3=0.15, w4=0.0",132430594.34132443,212785204.08
2025-04-30,0.925316,"w1=0.51, w2=0.35, w3=0.15, w4=0.0",133411021.31313148,215746946.15
2025-05-01,1.02187,"w1=0.51, w2=0.35, w3=0.15, w4=0.0",133545392.94970934,234430684.26
2025-05-02,1.055631,"w1=0.51, w2=0.35, w3=0.15, w4=0.0",133679734.02180852,241595160.25
2025-05-03,1.045755,"w1=0.51, w2=0.35, w3=0.15, w4=0.0",133850874.72627702,239848984.57
2025-05-04,1.018988,"w1=0.51, w2=0.35, w3=0.15, w4=0.0",134054536.0360952,234742907.05
2025-05-05,1.006062,"w1=0.51, w2=0.35, w3=0.15, w4=0.0",134285613.6833181,232556807.84
2025-05-06,1.013004,"w1=0.51, w2=0.35, w3=0.15, w4=0.0",134537291.78919297,234382173.8
2025-05-07,1.001716,"w1=0.51, w2=0.35, w3=0.15, w4=0.0",134802815.6039244,232586153.6
2025-05-08,0.990818,"w1=0.51, w2=0.35, w3=0.15, w4=0.0",135075888.84489772,230898173.83
2025-05-09,0.974021,"w1=0.51, w2=0.35, w3=0.15, w4=0.0",135351183.1046574,228083261.33
2025-05-10,0.961762,"w1=0.51, w2=0.35, w3=0.15, w4=0.0",135624205.40483287,226177803.48
2025-05-11,0.954102,"w1=0.51, w2=0.35, w3=0.15, w4=0.0",135891369.51325518,225158083.6
2025-05-12,1.006278,"w1=0.51, w2=0.35, w3=0.15, w4=0.0",136149863.49788284,235828924.34
2025-05-13,1.043429,"w1=0.51, w2=0.35, w3=0.15, w4=0.0",136397527.46888682,243922265.66
2025-05-14,1.041708,"w1=0.51, w2=0.35, w3=0.15, w4=0.0",136632863.7668103,243980663.17
2025-05-15,1.029406,"w1=0.51, w2=0.35, w3=0.15, w4=0.0",136854761.88226002,241801200.76
2025-05-16,1.02012,"w1=0.51, w2=0.35, w3=0.15, w4=0.0",137062641.09014046,240243727.9
2025-05-17,1.017915,"w1=0.51, w2=0.35, w3=0.15, w4=0.0",137256246.68646234,240128205.35
2025-05-18,1.009177,"w1=0.51, w2=0.35, w3=0.15, w4=0.0",137435537.91858742,238647491.25
2025-05-19,0.993335,"w1=0.51, w2=0.35, w3=0.15, w4=0.0",137600779.6786645,235719925.68
2025-05-20,0.964873,"w1=0.51, w2=0.35, w3=0.15, w4=0.0",137752348.92859772,230333605.67
2025-05-21,0.933939,"w1=0.51, w2=0.35, w3=0.15, w4=0.0",137890836.58164215,224615215.15
2025-05-22,0.948498,"w1=0.51, w2=0.35, w3=0.15, w4=0.0",138016843.7392125,227598752.64
2025-05-23,1.014636,"w1=0.51, w2=0.35, w3=0.15, w4=0.0",138131103.94879785,240980012.52
2025-05-24,1.046589,"w1=0.51, w2=0.35, w3=0.15, w4=0.0",138234330.3815681,247882146.47
2025-05-25,1.042706,"w1=0.51, w2=0.35, w3=0.15, w4=0.0",138327297.3376507,247219067.94
2025-05-26,1.019032,"w1=0.51, w2=0.35, w3=0.15, w4=0.0",138410789.30533254,242380295.59
2025-05-27,1.010132,"w1=0.51, w2=0.35, w3=0.15, w4=0.0",138485509.267624,240667482.59
2025-05-28,1.013449,"w1=0.51, w2=0.35, w3=0.15, w4=0.0",138552211.14833334,241468799.85
2025-05-29,0.99631,"w1=0.51, w2=0.35, w3=0.15, w4=0.0",138611618.30679005,238055466.28
2025-05-30,0.988871,"w1=0.51, w2=0.35, w3=0.15, w4=0.0",139687579.65089148,238385206.6
2025-05-31,0.971631,"w1=0.51, w2=0.35, w3=0.15, w4=0.0",139807881.43910223,235115414.19
2025-06-01,0.965254,"w1=0.51, w2=0.35, w3=0.15, w4=0.0",139962609.01850235,234104988.24
2025-06-02,0.976393,"w1=0.51, w2=0.35, w3=0.15, w4=0.0",140117876.57035974,236592317.2
2025-06-03,1.060851,"w1=0.51, w2=0.35, w3=0.15, w4=0.0",140302424.89282328,254712188.01
2025-06-04,1.092808,"w1=0.51, w2=0.35, w3=0.15, w4=0.0",140512820.5761177,262275177.27
2025-06-05,1.078662,"w1=0.51, w2=0.35, w3=0.15, w4=0.0",140745263.43672305,259494617.93
2025-06-06,1.050032,"w1=0.51, w2=0.35, w3=0.15, w4=0.0",140994679.7711732,253584912.26
2025-06-07,1.040148,"w1=0.51, w2=0.35, w3=0.15, w4=0.0",141255893.99440625,251896781.05
2025-06-08,1.034355,"w1=0.51, w2=0.35, w3=0.15, w4=0.0",141524046.3543069,251118417.08
2025-06-09,1.000809,"w1=0.51, w2=0.35, w3=0.15, w4=0.0",141794796.6948981,244460333.99
2025-06-10,0.979257,"w1=0.51, w2=0.35, w3=0.15, w4=0.0",142064497.65505353,240464319.04
2025-06-11,0.953419,"w1=0.51, w2=0.35, w3=0.15, w4=0.0",142330102.9750615,235690177.02
2025-06-12,0.934083,"w1=0.51, w2=0.35, w3=0.15, w4=0.0",142589167.49662513,232296661.81
2025-06-13,0.995132,"w1=0.51, w2=0.35, w3=0.15, w4=0.0",142839724.9049472,245070278.14
2025-06-14,1.063248,"w1=0.51, w2=0.35, w3=0.15, w4=0.0",143080348.85768783,260295189.45
2025-06-15,1.050365,"w1=0.51, w2=0.35, w3=0.15, w4=0.0",143309979.78625172,257823242.33
2025-06-16,1.020151,"w1=0.51, w2=0.35, w3=0.15, w4=0.0",143527884.1431497,251582716.82
2025-06-17,0.99097,"w1=0.51, w2=0.35, w3=0.15, w4=0.0",143733654.40199903,245729583.42
2025-06-18,1.001978,"w1=0.51, w2=0.35, w3=0.15, w4=0.0",143927086.7996082,248384634.62
2025-06-19,0.971457,"w1=0.51, w2=0.35, w3=0.15, w4=0.0",144108222.0886156,242311496.75
2025-06-20,0.954289,"w1=0.51, w2=0.35, w3=0.15, w4=0.0",144277213.0914147,239090393.88
2025-06-21,0.933264,"w1=0.51, w2=0.35, w3=0.15, w4=0.0",144434345.0764735,235140464.67
2025-06-22,0.898455,"w1=0.51, w2=0.35, w3=0.15, w4=0.0",144580035.75833443,228605612.23
2025-06-23,0.925163,"w1=0.51, w2=0.35, w3=0.15, w4=0.0",144714733.41601858,233996762.23
2025-06-24,1.003877,"w1=0.51, w2=0.35, w3=0.15, w4=0.0",144838937.2693449,250364594.03
2025-06-25,1.030671,"w1=0.51, w2=0.35, w3=0.15, w4=0.0",144953217.85524938,256388791.39
2025-06-26,1.019899,"w1=0.51, w2=0.35, w3=0.15, w4=0.0",145058145.71066794,254210034.31
2025-06-27,0.993644,"w1=0.51, w2=0.35, w3=0.15, w4=0.0",145154270.99621746,248725185.15
2025-06-28,0.980936,"w1=0.51, w2=0.35, w3=0.15, w4=0.0",145242174.4369934,246194518.39
2025-06-29,0.998944,"w1=0.51, w2=0.35, w3=0.15, w4=0.0",144376914.4209735,248515545.63
2025-06-30,0.979259,"w1=0.51, w2=0.35, w3=0.15, w4=0.0",144385329.8407789,244393072.7
2025-07-01,0.997154,"w1=0.51, w2=0.35, w3=0.15, w4=0.0",144349915.79811117,248089362.59
2025-07-02,0.977596,"w1=0.51, w2=0.35, w3=0.15, w4=0.0",144279586.93259466,243868833.11
2025-07-03,0.950549,"w1=0.51, w2=0.35, w3=0.15, w4=0.0",144213343.519066,238229801.77
2025-07-04,0.993716,"w1=0.51, w2=0.35, w3=0.15, w4=0.0",144162728.7423188,247041336.81
2025-07-05,1.085587,"w1=0.51, w2=0.35, w3=0.15, w4=0.0",144134008.32048902,267347738.8
2025-07-06,1.088174,"w1=0.51, w2=0.35, w3=0.15, w4=0.0",144128863.2999058,267940912.13
2025-07-07,1.072621,"w1=0.51, w2=0.35, w3=0.15, w4=0.0",144146366.55804825,264374562.95
2025-07-08,1.040921,"w1=0.51, w2=0.35, w3=0.15, w4=0.0",144184062.74845982,257289907.82
2025-07-09,1.04796,"w1=0.51, w2=0.35, w3=0.15, w4=0.0",144238803.72983316,258955744.79
2025-07-10,1.03744,"w1=0.51, w2=0.35, w3=0.15, w4=0.0",144307308.91478652,256738333.37
2025-07-11,1.018652,"w1=0.51, w2=0.35, w3=0.15, w4=0.0",144386318.09225723,252761991.82
2025-07-12,1.000807,"w1=0.51, w2=0.35, w3=0.15, w4=0.0",144472958.20124644,249077173.85
2025-07-13,0.968869,"w1=0.51, w2=0.35, w3=0.15, w4=0.0",144564682.20186138,242545410.52
2025-07-14,0.954245,"w1=0.51, w2=0.35, w3=0.15, w4=0.0",144659258.88715613,239714580.26
2025-07-15,1.016747,"w1=0.51, w2=0.35, w3=0.15, w4=0.0",144754874.7647271,252993313.94
2025-07-16,1.083001,"w1=0.51, w2=0.35, w3=0.15, w4=0.0",144850042.36327696,268072057.73
2025-07-17,1.077616,"w1=0.51, w2=0.35, w3=0.15, w4=0.0",144943579.8562955,266992344.53
2025-07-18,1.052089,"w1=0.51, w2=0.35, w3=0.15, w4=0.0",145034560.1212618,261314879.52
2025-07-19,1.028093,"w1=0.51, w2=0.35, w3=0.15, w4=0.0",145122280.17516547,256119236.93
2025-07-20,1.03514,"w1=0.51, w2=0.35, w3=0.15, w4=0.0",145206250.98634714,257826307.3
2025-07-21,1.012631,"w1=0.51, w2=0.35, w3=0.15, w4=0.0",145286085.40474308,253027118.49
2025-07-22,0.997746,"w1=0.51, w2=0.35, w3=0.15, w4=0.0",145361579.6671619,249954454.45
2025-07-23,0.976779,"w1=0.51, w2=0.35, w3=0.15, w4=0.0",145432642.0801675,245647041.53
2025-07-24,0.952918,"w1=0.51, w2=0.35, w3=0.15, w4=0.0",145499191.1384833,240835910.69
2025-07-25,0.947593,"w1=0.51, w2=0.35, w3=0.15, w4=0.0",145561318.53554538,239856604.76
2025-07-26,1.019429,"w1=0.51, w2=0.35, w3=0.15, w4=0.0",145619075.21215165,255090110.1
2025-07-27,1.065079,"w1=0.51, w2=0.35, w3=0.15, w4=0.0",145672644.55517435,265431929.99
2025-07-28,1.060235,"w1=0.51, w2=0.35, w3=0.15, w4=0.0",145722159.01068792,264410390.61
2025-07-29,1.041057,"w1=0.51, w2=0.35, w3=0.15, w4=0.0",145017494.9539809,258807478.83
2025-07-30,1.020544,"w1=0.51, w2=0.35, w3=0.15, w4=0.0",145007449.42864418,254261945.04
2025-07-31,1.021706,"w1=0.51, w2=0.35, w3=0.15, w4=0.0",144964862.92163867,254441019.69
2025-08-01,1.03009,"w1=0.51, w2=0.35, w3=0.15, w4=0.0",144902317.8100342,256170676.57
2025-08-02,1.016381,"w1=0.51, w2=0.35, w3=0.15, w4=0.0",144819416.75560746,253026662.25
2025-08-03,0.992364,"w1=0.51, w2=0.35, w3=0.15, w4=0.0",144752378.66563228,247765721.14
2025-08-04,0.958885,"w1=0.51, w2=0.35, w3=0.15, w4=0.0",144707754.52671263,240738715.13
2025-08-05,0.980219,"w1=0.51, w2=0.35, w3=0.15, w4=0.0",144688560.03408146,245106485.02
2025-08-06,1.060776,"w1=0.51, w2=0.35, w3=0.15, w4=0.0",144694092.20472834,262667986.91
2025-08-07,1.099603,"w1=0.51, w2=0.35, w3=0.15, w4=0.0",144721702.1171649,271736881.14
2025-08-08,1.082304,"w1=0.51, w2=0.35, w3=0.15, w4=0.0",144767803.5392223,267757491.31
2025-08-09,1.048809,"w1=0.51, w2=0.35, w3=0.15, w4=0.0",144828596.28738064,260205334.02
2025-08-10,1.041599,"w1=0.51, w2=0.35, w3=0.15, w4=0.0",144900524.69394973,258719622.79
2025-08-11,1.048115,"w1=0.51, w2=0.35, w3=0.15, w4=0.0",144980369.30050528,260321939.76
2025-08-12,1.026817,"w1=0.51, w2=0.35, w3=0.15, w4=0.0",145065369.11580357,255738062.55
2025-08-13,1.009757,"w1=0.51, w2=0.35, w3=0.15, w4=0.0",145153191.05130294,252173916.43
2025-08-14,0.986054,"w1=0.51, w2=0.35, w3=0.15, w4=0.0",145241940.10932326,247269584.59
2025-08-15,0.970214,"w1=0.51, w2=0.35, w3=0.15, w4=0.0",145330128.8185672,244108248.81
2025-08-16,1.017766,"w1=0.51, w2=0.35, w3=0.15, w4=0.0",145416585.5406841,254372099.22
2025-08-17,1.095583,"w1=0.51, w2=0.35, w3=0.15, w4=0.0",145500444.28211048,272242671.34
2025-08-18,1.091458,"w1=0.51, w2=0.35, w3=0.15, w4=0.0",145580991.8716764,271415722.06
2025-08-19,1.068433,"w1=0.51, w2=0.35, w3=0.15, w4=0.0",145657820.782999,266177755.83
2025-08-20,1.042154,"w1=0.51, w2=0.35, w3=0.15, w4=0.0",145730645.7476103,260326381.2
2025-08-21,1.046115,"w1=0.51, w2=0.35, w3=0.15, w4=0.0",145799201.87336153,261340533.6
2025-08-22,1.018909,"w1=0.51, w2=0.35, w3=0.15, w4=0.0",145863529.91289088,255404319.22
2025-08-23,0.999301,"w1=0.51, w2=0.35, w3=0.15, w4=0.0",145923568.73724097,251254440.75
2025-08-24,0.974423,"w1=0.51, w2=0.35, w3=0.15, w4=0.0",145979430.41616708,246077217.26
2025-08-25,0.941282,"w1=0.51, w2=0.35, w3=0.15, w4=0.0",146031196.45494577,239352220.18
2025-08-26,0.960323,"w1=0.51, w2=0.35, w3=0.15, w4=0.0",146079019.6759706,243316202.93
2025-08-27,1.037352,"w1=0.51, w2=0.35, w3=0.15, w4=0.0",146123093.65427345,259949099.84
2025-08-28,1.071315,"w1=0.51, w2=0.35, w3=0.15, w4=0.0",148957999.99561688,272889961.7
2025-08-29,1.065994,"w1=0.51, w2=0.35, w3=0.15, w4=0.0",149166327.48251843,272013445.45
2025-08-30,1.03537,"w1=0.51, w2=0.35, w3=0.15, w4=0.0",149473429.17645788,265455631.11
2025-08-31,1.022425,"w1=0.51, w2=0.35, w3=0.15, w4=0.0",149837859.6443016,263156510.27
2025-09-01,1.047038,"w1=0.51, w2=0.35, w3=0.15, w4=0.0",150229064.5954971,269495581.89
2025-09-02,1.020894,"w1=0.51, w2=0.35, w3=0.15, w4=0.0",150631639.5327735,264203011.26
2025-09-03,1.00122,"w1=0.51, w2=0.35, w3=0.15, w4=0.0",151047469.26565138,260503860.61
2025-09-04,0.973836,"w1=0.51, w2=0.35, w3=0.15, w4=0.0",151469473.0232291,255204419.28
2025-09-05,0.940138,"w1=0.51, w2=0.35, w3=0.15, w4=0.0",151893208.76793382,248720218.98
2025-09-06,0.971089,"w1=0.51, w2=0.35, w3=0.15, w4=0.0",152314529.91882032,256029996.07
2025-09-07,1.059214,"w1=0.51, w2=0.35, w3=0.15, w4=0.0",152729778.92660266,276880768.5
2025-09-08,1.071107,"w1=0.51, w2=0.35, w3=0.15, w4=0.0",153135695.58021826,280492839.59
2025-09-09,1.050306,"w1=0.51, w2=0.35, w3=0.15, w4=0.0",153529478.13578513,276194652.91
2025-09-10,1.024389,"w1=0.51, w2=0.35, w3=0.15, w4=0.0",153908885.19819778,270762809.81
2025-09-11,1.026445,"w1=0.51, w2=0.35, w3=0.15, w4=0.0",154272001.39345688,271881620.34
2025-09-12,1.013021,"w1=0.51, w2=0.35, w3=0.15, w4=0.0",154617543.01345655,269368614.77
2025-09-13,0.994609,"w1=0.51, w2=0.35, w3=0.15, w4=0.0",154944531.99487796,265719828.71
2025-09-14,0.971343,"w1=0.51, w2=0.35, w3=0.15, w4=0.0",155252448.74158305,261024736.67
2025-09-15,0.943616,"w1=0.51, w2=0.35, w3=0.15, w4=0.0",155541120.0548591,255442052.3
2025-09-16,0.930832,"w1=0.51, w2=0.35, w3=0.15, w4=0.0",155810637.62814224,253142379.35
2025-09-17,0.986381,"w1=0.51, w2=0.35, w3=0.15, w4=0.0",156061347.85885787,265763315.49
2025-09-18,1.056765,"w1=0.51, w2=0.35, w3=0.15, w4=0.0",156293780.53130367,282742033.5
2025-09-19,1.051106,"w1=0.51, w2=0.35, w3=0.15, w4=0.0",156508638.62849003,281748757.15
2025-09-20,1.024709,"w1=0.51, w2=0.35, w3=0.15, w4=0.0",156706645.5097465,275760561.06
2025-09-21,1.004376,"w1=0.51, w2=0.35, w3=0.15, w4=0.0",156888769.0502322,271309400.51
2025-09-22,1.01932,"w1=0.51, w2=0.35, w3=0.15, w4=0.0",157055803.92639372,275098809.09
2025-09-23,1.00011,"w1=0.51, w2=0.35, w3=0.15, w4=0.0",157208768.95418814,270872780.96
2025-09-24,0.989604,"w1=0.51, w2=0.35, w3=0.15, w4=0.0",157348550.50349805,268692606.98
2025-09-25,0.972211,"w1=0.51, w2=0.35, w3=0.15, w4=0.0",157476075.69684443,264958592.59
2025-09-26,0.949397,"w1=0.51, w2=0.35, w3=0.15, w4=0.0",157592261.46858862,260077406.17
2025-09-27,0.938467,"w1=0.51, w2=0.35, w3=0.15, w4=0.0",157373287.3549357,257330824.04
2025-09-28,1.006077,"w1=0.51, w2=0.35, w3=0.15, w4=0.0",157450544.16896027,272677504.56
2025-09-29,1.063599,"w1=0.51, w2=0.35, w3=0.15, w4=0.0",157505825.12279084,286625505.42
2025-09-30,1.061339,"w1=0.51, w2=0.35, w3=0.15, w4=0.0",157544805.02130833,286135771.87
2025-10-01,1.060927,"w1=0.51, w2=0.35, w3=0.15, w4=0.0",157571824.0204898,286082762.84
2025-10-02,1.041917,"w1=0.51, w2=0.35, w3=0.15, w4=0.0",157585078.81609127,281445047.94
2025-10-03,1.048791,"w1=0.51, w2=0.35, w3=0.15, w4=0.0",157613259.26546383,283170411.29
2025-10-04,1.029855,"w1=0.51, w2=0.35, w3=0.15, w4=0.0",157659401.4401595,278667393.79
2025-10-05,1.012613,"w1=0.51, w2=0.35, w3=0.15, w4=0.0",157725624.477369,274687314.07
2025-10-06,0.988159,"w1=0.51, w2=0.35, w3=0.15, w4=0.0",157811734.8020605,269151720.14
2025-10-07,0.953252,"w1=0.51, w2=0.35, w3=0.15, w4=0.0",157916092.12054312,261462707.26
2025-10-08,0.985521,"w1=0.51, w2=0.35, w3=0.15, w4=0.0",158036230.89820075,268929273.0
2025-10-09,1.06784,"w1=0.51, w2=0.35, w3=0.15, w4=0.0",158169216.94507703,288892712.08
2025-10-10,1.093466,"w1=0.51, w2=0.35, w3=0.15, w4=0.0",158312034.565939,295667942.93
2025-10-11,1.081059,"w1=0.51, w2=0.35, w3=0.15, w4=0.0",158461841.2642665,292768376.64
2025-10-12,1.057278,"w1=0.51, w2=0.35, w3=0.15, w4=0.0",158615886.2369754,287070205.95
2025-10-13,1.051514,"w1=0.51, w2=0.35, w3=0.15, w4=0.0",158771856.77184314,285923822.58
2025-10-14,1.051211,"w1=0.51, w2=0.35, w3=0.15, w4=0.0",158927654.1079982,286129458.77
2025-10-15,1.032696,"w1=0.51, w2=0.35, w3=0.15, w4=0.0",159081556.4464731,281869353.02
2025-10-16,1.013572,"w1=0.51, w2=0.35, w3=0.15, w4=0.0",159232137.44492796,277539039.52
2025-10-17,0.984423,"w1=0.51, w2=0.35, w3=0.15, w4=0.0",159378266.2176504,270959421.91
2025-10-18,0.954098,"w1=0.51, w2=0.35, w3=0.15, w4=0.0",159519076.77107698,264305880.47
2025-10-19,0.998113,"w1=0.51, w2=0.35, w3=0.15, w4=0.0",159653866.12219727,274616648.03
2025-10-20,1.082421,"w1=0.51, w2=0.35, w3=0.15, w4=0.0",159782185.99199015,295557643.46
2025-10-21,1.095346,"w1=0.51, w2=0.35, w3=0.15, w4=0.0",159903791.86462596,299130631.17
2025-10-22,1.074571,"w1=0.51, w2=0.35, w3=0.15, w4=0.0",160018459.6005941,293982354.58
2025-10-23,1.045301,"w1=0.51, w2=0.35, w3=0.15, w4=0.0",160126179.01173505,286819603.07
2025-10-24,1.045423,"w1=0.51, w2=0.35, w3=0.15, w4=0.0",160227001.03884664,287030418.23
2025-10-25,1.032388,"w1=0.51, w2=0.35, w3=0.15, w4=0.0",160321017.37536502,283990197.67
2025-10-26,1.01192,"w1=0.51, w2=0.35, w3=0.15, w4=0.0",160408411.40816242,279193656.44
2025-10-27,1.013435,"w1=0.51, w2=0.35, w3=0.15, w4=0.0",156880496.2646608,273408054.64
2025-10-28,0.985697,"w1=0.51, w2=0.35, w3=0.15, w4=0.0",156729365.10558912,266745386.73
2025-10-29,0.974618,"w1=0.51, w2=0.35, w3=0.15, w4=0.0",156439715.7289943,263753810.39
2025-10-30,1.034207,"w1=0.51, w2=0.35, w3=0.15, w4=0.0",156064872.96206933,276884181.53
2025-10-31,1.090289,"w1=0.51, w2=0.35, w3=0.15, w4=0.0",155644112.15995923,289881650.27
2025-11-01,1.116137,"w1=0.51, w2=0.35, w3=0.15, w4=0.0",155204299.49945194,295662133.29
2025-11-02,1.09553,"w1=0.51, w2=0.35, w3=0.15, w4=0.0",154756224.24153283,289547574.71
2025-11-03,1.082114,"w1=0.51, w2=0.35, w3=0.15, w4=0.0",154341158.62062275,285416870.17
2025-11-04,1.088987,"w1=0.51, w2=0.35, w3=0.15, w4=0.0",153966315.85369778,286431811.33
2025-11-05,1.076361,"w1=0.51, w2=0.35, w3=0.15, w4=0.0",153635119.16237366,282694152.09
2025-11-06,1.064403,"w1=0.51, w2=0.35, w3=0.15, w4=0.0",153346987.82155487,279251811.84
2025-11-07,1.044159,"w1=0.51, w2=0.35, w3=0.15, w4=0.0",153099191.40447643,273962665.7
2025-11-08,1.022309,"w1=0.51, w2=0.35, w3=0.15, w4=0.0",152888001.04473552,268486646.65
2025-11-09,1.004628,"w1=0.51, w2=0.35, w3=0.15, w4=0.0",152709433.17193997,264138975.94
2025-11-10,1.062963,"w1=0.51, w2=0.35, w3=0.15, w4=0.0",152559494.02753806,277471363.69
2025-11-11,1.118161,"w1=0.51, w2=0.35, w3=0.15, w4=0.0",152434424.18064824,290900738.78
2025-11-12,1.118697,"w1=0.51, w2=0.35, w3=0.15, w4=0.0",152330841.162293,290839590.42
2025-11-13,1.098484,"w1=0.51, w2=0.35, w3=0.15, w4=0.0",152245708.90092027,285585339.88
2025-11-14,1.076276,"w1=0.51, w2=0.35, w3=0.15, w4=0.0",152176327.53424385,279989249.59
2025-11-15,1.077953,"w1=0.51, w2=0.35, w3=0.15, w4=0.0",152120384.35004115,280294391.52
2025-11-16,1.057557,"w1=0.51, w2=0.35, w3=0.15, w4=0.0",152075851.90455768,275300207.44
2025-11-17,1.041632,"w1=0.51, w2=0.35, w3=0.15, w4=0.0",152040957.45802805,271476578.45
2025-11-18,1.0223,"w1=0.51, w2=0.35, w3=0.15, w4=0.0",152014172.78651667,266950053.16
2025-11-19,0.996391,"w1=0.51, w2=0.35, w3=0.15, w4=0.0",151994214.1819177,261057169.78
2025-11-20,0.998444,"w1=0.51, w2=0.35, w3=0.15, w4=0.0",151979940.57035914,261490863.56
2025-11-21,1.076427,"w1=0.51, w2=0.35, w3=0.15, w4=0.0",151970363.70036268,279646973.92
2025-11-22,1.119764,"w1=0.51, w2=0.35, w3=0.15, w4=0.0",151964668.51916268,290411828.99
2025-11-23,1.110908,"w1=0.51, w2=0.35, w3=0.15, w4=0.0",151962172.42006785,288164227.84
2025-11-24,1.084356,"w1=0.51, w2=0.35, w3=0.15, w4=0.0",151962243.73718485,281566217.43
2025-11-25,1.071669,"w1=0.51, w2=0.35, w3=0.15, w4=0.0",151964393.43885428,278483187.01
2025-11-26,1.064083,"w1=0.51, w2=0.35, w3=0.15, w4=0.0",153754870.7899676,279916960.73
2025-11-27,1.049893,"w1=0.51, w2=0.35, w3=0.15, w4=0.0",153870037.74575472,276708559.29
2025-11-28,1.036047,"w1=0.51, w2=0.35, w3=0.15, w4=0.0",154052996.71532524,273748244.46
2025-11-29,1.01452,"w1=0.51, w2=0.35, w3=0.15, w4=0.0",154278124.47735888,269122924.25
2025-11-30,0.980042,"w1=0.51, w2=0.35, w3=0.15, w4=0.0",154525584.68517146,261731252.71
2025-12-01,1.018441,"w1=0.51, w2=0.35, w3=0.15, w4=0.0",154781256.549598,270910260.36
2025-12-02,1.098515,"w1=0.51, w2=0.35, w3=0.15, w4=0.0",155026679.12549648,290809801.56
2025-12-03,1.133775,"w1=0.51, w2=0.35, w3=0.15, w4=0.0",155284500.69159243,300426894.09
2025-12-04,1.121452,"w1=0.51, w2=0.35, w3=0.15, w4=0.0",155551206.33283406,297705948.12
2025-12-05,1.096981,"w1=0.51, w2=0.35, w3=0.15, w4=0.0",155825339.14240274,291917059.91
2025-12-06,1.081311,"w1=0.51, w2=0.35, w3=0.15, w4=0.0",156104851.30022472,288476888.85
2025-12-07,1.078137,"w1=0.51, w2=0.35, w3=0.15, w4=0.0",156387256.8953648,288202532.5
2025-12-08,1.059477,"w1=0.51, w2=0.35, w3=0.15, w4=0.0",156670080.20504725,284088728.67
2025-12-09,1.039924,"w1=0.51, w2=0.35, w3=0.15, w4=0.0",156950743.62490073,279830822.16
2025-12-10,1.017658,"w1=0.51, w2=0.35, w3=0.15, w4=0.0",157226934.44270268,275006040.06
2025-12-11,0.997244,"w1=0.51, w2=0.35, w3=0.15, w4=0.0",157496564.0857411,270704877.77
2025-12-12,1.045401,"w1=0.51, w2=0.35, w3=0.15, w4=0.0",157757819.0616124,282601763.07
2025-12-13,1.12489,"w1=0.51, w2=0.35, w3=0.15, w4=0.0",158009222.08717886,303323267.17
2025-12-14,1.140659,"w1=0.51, w2=0.35, w3=0.15, w4=0.0",158249632.0885685,308022154.34
2025-12-15,1.124702,"w1=0.51, w2=0.35, w3=0.15, w4=0.0",158478121.94326046,304173233.52
2025-12-16,1.094963,"w1=0.51, w2=0.35, w3=0.15, w4=0.0",158694182.24327618,296768700.74
2025-12-17,1.095413,"w1=0.51, w2=0.35, w3=0.15, w4=0.0",158897436.02671152,297265416.74
2025-12-18,1.082103,"w1=0.51, w2=0.35, w3=0.15, w4=0.0",159087791.60013035,294191812.5
2025-12-19,1.055597,"w1=0.51, w2=0.35, w3=0.15, w4=0.0",159265320.2806497,287826717.55
2025-12-20,1.031804,"w1=0.51, w2=0.35, w3=0.15, w4=0.0",159430266.58409923,282270420.61
2025-12-21,0.998929,"w1=0.51, w2=0.35, w3=0.15, w4=0.0",159582946.34342566,274686121.27
2025-12-22,0.993955,"w1=0.51, w2=0.35, w3=0.15, w4=0.0",159723828.2139692,273763123.21
2025-12-23,1.066231,"w1=0.51, w2=0.35, w3=0.15, w4=0.0",159853441.9800276,291561909.21
2025-12-24,1.130202,"w1=0.51, w2=0.35, w3=0.15, w4=0.0",159972317.42589843,308526606.71
2025-12-25,1.126588,"w1=0.51, w2=0.35, w3=0.15, w4=0.0",160081065.84115604,307758578.11
2025-12-26,1.136076,"w1=0.51, w2=0.35, w3=0.15, w4=0.0",155235556.77301484,300940135.83
2025-12-27,1.117444,"w1=0.51, w2=0.35, w3=0.15, w4=0.0",155015838.92371324,295641300.86
2025-12-28,1.119214,"w1=0.51, w2=0.35, w3=0.15, w4=0.0",154602759.99391946,295311006.24
2025-12-29,1.096981,"w1=0.51, w2=0.35, w3=0.15, w4=0.0",154069195.88904265,288627170.22
2025-12-30,1.083081,"w1=0.51, w2=0.35, w3=0.15, w4=0.0",153471619.57758316,284047661.58
2025-12-31,1.06662,"w1=0.51, w2=0.35, w3=0.15, w4=0.0",152850090.90297297,278882295.48
2026-01-01,1.059352,"w1=0.51, w2=0.35, w3=0.15, w4=0.0",152231547.359117,276010502.46
2026-01-02,1.085804,"w1=0.51, w2=0.35, w3=0.15, w4=0.0",151595072.65441662,281240041.83
2026-01-03,1.186911,"w1=0.51, w2=0.35, w3=0.15, w4=0.0",150997761.23510596,306168213.45
2026-01-04,1.227447,"w1=0.51, w2=0.35, w3=0.15, w4=0.0",150452226.04273358,316279184.3
2026-01-05,1.203996,"w1=0.51, w2=0.35, w3=0.15, w4=0.0",149965445.9666054,308728316.35
2026-01-06,1.167537,"w1=0.51, w2=0.35, w3=0.15, w4=0.0",149538735.27930602,298050034.14
2026-01-07,1.163149,"w1=0.51, w2=0.35, w3=0.15, w4=0.0",149169760.89229378,296163645.89
2026-01-08,1.164501,"w1=0.51, w2=0.35, w3=0.15, w4=0.0",148854213.21407023,295890457.34
2026-01-09,1.144911,"w1=0.51, w2=0.35, w3=0.15, w4=0.0",148586794.40165865,290298481.13
2026-01-10,1.128291,"w1=0.51, w2=0.35, w3=0.15, w4=0.0",148361911.15545473,285654880.45
2026-01-11,1.105612,"w1=0.51, w2=0.35, w3=0.15, w4=0.0",148174133.18640727,279683094.57
2026-01-12,1.073201,"w1=0.51, w2=0.35, w3=0.15, w4=0.0",148018376.6028905,271612811.76
2026-01-13,1.119456,"w1=0.51, w2=0.35, w3=0.15, w4=0.0",147890015.98045933,282548709.99
2026-01-14,1.203146,"w1=0.51, w2=0.35, w3=0.15, w4=0.0",147784986.24344504,304009353.13
2026-01-15,1.219984,"w1=0.51, w2=0.35, w3=0.15, w4=0.0",147699690.9715192,308429328.1
2026-01-16,1.202055,"w1=0.51, w2=0.35, w3=0.15, w4=0.0",147631094.09312972,303398014.82
2026-01-17,1.178595,"w1=0.51, w2=0.35, w3=0.15, w4=0.0",147576495.74599037,297032460.92
2026-01-18,1.172837,"w1=0.51, w2=0.35, w3=0.15, w4=0.0",147533613.7823573,295435675.7
2026-01-19,1.159323,"w1=0.51, w2=0.35, w3=0.15, w4=0.0",147500532.82823128,291861568.65
2026-01-20,1.142235,"w1=0.51, w2=0.35, w3=0.15, w4=0.0",147475571.83728307,287449525.82
2026-01-21,1.115494,"w1=0.51, w2=0.35, w3=0.15, w4=0.0",147457375.7842898,280746249.64
2026-01-22,1.087007,"w1=0.51, w2=0.35, w3=0.15, w4=0.0",147444671.14930516,273826768.84
2026-01-23,1.073031,"w1=0.51, w2=0.35, w3=0.15, w4=0.0",147436510.43348902,270505169.37
2026-01-24,1.140853,"w1=0.51, w2=0.35, w3=0.15, w4=0.0",147432017.45511836,287015386.97
2026-01-25,1.196677,"w1=0.51, w2=0.35, w3=0.15, w4=0.0",151703495.04856795,310279305.61
2026-01-26,1.207325,"w1=0.51, w2=0.35, w3=0.15, w4=0.0",152029383.70875573,313906538.11
2026-01-27,1.185685,"w1=0.51, w2=0.35, w3=0.15, w4=0.0",152554389.75959316,308988133.67
2026-01-28,1.156632,"w1=0.51, w2=0.35, w3=0.15, w4=0.0",153210517.4241054,302440737.57
2026-01-29,1.156457,"w1=0.51, w2=0.35, w3=0.15, w4=0.0",153943861.15000397,303841446.65
2026-01-30,1.135245,"w1=0.51, w2=0.35, w3=0.15, w4=0.0",154715216.8992608,299712413.37
2026-01-31,1.115128,"w1=0.51, w2=0.35, w3=0.15, w4=0.0",155497300.78054553,295958735.24
2026-02-01,1.112365,"w1=0.51, w2=0.35, w3=0.15, w4=0.0",156271672.22503528,296714239.19
2026-02-02,1.077826,"w1=0.51, w2=0.35, w3=0.15, w4=0.0",156955898.8336435,289172314.63
2026-02-03,1.072984,"w1=0.51, w2=0.35, w3=0.15, w4=0.0",157607910.4816892,289155074.67
2026-02-04,1.148986,"w1=0.51, w2=0.35, w3=0.15, w4=0.0",158230926.6275967,310252161.73
2026-02-05,1.196272,"w1=0.51, w2=0.35, w3=0.15, w4=0.0",158830825.83943832,324739889.41
2026-02-06,1.177286,"w1=0.51, w2=0.35, w3=0.15, w4=0.0",159411367.5480956,320481011.68
2026-02-07,1.138924,"w1=0.51, w2=0.35, w3=0.15, w4=0.0",159974752.39603585,310905123.81
2026-02-08,1.118546,"w1=0.51, w2=0.35, w3=0.15, w4=0.0",160522050.14001393,306438221.89
2026-02-09,1.120002,"w1=0.51, w2=0.35, w3=0.15, w4=0.0",161053413.6024235,307845053.18
2026-02-10,1.100214,"w1=0.51, w2=0.35, w3=0.15, w4=0.0",161568526.95031777,303531162.63
2026-02-11,1.08268,"w1=0.51, w2=0.35, w3=0.15, w4=0.0",162066758.51780343,299851076.34
2026-02-12,1.055269,"w1=0.51, w2=0.35, w3=0.15, w4=0.0",162547354.3810722,293674735.82
2026-02-13,1.017663,"w1=0.51, w2=0.35, w3=0.15, w4=0.0",163009530.05183718,285121616.3
2026-02-14,1.03524,"w1=0.51, w2=0.35, w3=0.15, w4=0.0",163452725.18132192,290249503.02
2026-02-15,1.122455,"w1=0.51, w2=0.35, w3=0.15, w4=0.0",163876409.9852288,313915248.91
2026-02-16,1.146266,"w1=0.51, w2=0.35, w3=0.15, w4=0.0",164280258.44245154,321342485.65
2026-02-17,1.124743,"w1=0.51, w2=0.35, w3=0.15, w4=0.0",164664209.42403272,316057797.43
2026-02-18,1.099708,"w1=0.51, w2=0.35, w3=0.15, w4=0.0",165028303.6826106,309893992.92
2026-02-19,1.088628,"w1=0.51, w2=0.35, w3=0.15, w4=0.0",165372775.54585534,307555695.21
2026-02-20,1.083312,"w1=0.51, w2=0.35, w3=0.15, w4=0.0",165697971.41119233,306738011.87
2026-02-21,1.068929,"w1=0.51, w2=0.35, w3=0.15, w4=0.0",166004380.31028095,303489952.9
2026-02-22,1.049907,"w1=0.51, w2=0.35, w3=0.15, w4=0.0",166292542.21557844,299051894.62
2026-02-23,1.025495,"w1=0.51, w2=0.35, w3=0.15, w4=0.0",166563170.2982548,293303387.22
2026-02-24,0.987279,"w1=0.51, w2=0.35, w3=0.15, w4=0.0",165784367.0043518,282537206.9
2026-02-25,1.002292,"w1=0.51, w2=0.35, w3=0.15, w4=0.0",165925391.50912935,286425486.11
2026-02-26,1.086907,"w1=0.51, w2=0.35, w3=0.15, w4=0.0",166000834.83075035,308261499.75
2026-02-27,1.120992,"w1=0.51, w2=0.35, w3=0.15, w4=0.0",166027527.80882555,317628257.65
2026-02-28,1.111146,"w1=0.51, w2=0.35, w3=0.15, w4=0.0",166019489.35092428,314886512.9
2026-03-01,1.109783,"w1=0.51, w2=0.35, w3=0.15, w4=0.0",165987478.15355316,314450718.02
2026-03-02,1.097798,"w1=0.51, w2=0.35, w3=0.15, w4=0.0",165860992.152483,310938984.93
2026-03-03,1.092584,"w1=0.51, w2=0.35, w3=0.15, w4=0.0",165717155.71566394,309260123.77
2026-03-04,1.071603,"w1=0.51, w2=0.35, w3=0.15, w4=0.0",165570425.8415268,303399619.08
2026-03-05,1.049378,"w1=0.51, w2=0.35, w3=0.15, w4=0.0",165433914.69143906,297371858.69
2026-03-06,1.023961,"w1=0.51, w2=0.35, w3=0.15, w4=0.0",165315548.65354675,290722946.11
2026-03-07,1.001161,"w1=0.51, w2=0.35, w3=0.15, w4=0.0",165219647.5075078,284931519.64
2026-03-08,1.046088,"w1=0.51, w2=0.35, w3=0.15, w4=0.0",165147780.22989613,296015359.08
2026-03-09,1.132509,"w1=0.51, w2=0.35, w3=0.15, w4=0.0",165099661.55224374,319061101.59
2026-03-10,1.147804,"w1=0.51, w2=0.35, w3=0.15, w4=0.0",165073814.1914129,323332477.86
2026-03-11,1.128031,"w1=0.51, w2=0.35, w3=0.15, w4=0.0",165068068.06941503,317748270.39
2026-03-12,1.095192,"w1=0.51, w2=0.35, w3=0.15, w4=0.0",165079855.7700383,308771983.23
2026-03-13,1.097986,"w1=0.51, w2=0.35, w3=0.15, w4=0.0",165106538.55995396,309575384.8
2026-03-14,1.094674,"w1=0.51, w2=0.35, w3=0.15, w4=0.0",165145498.0821523,308755282.76
2026-03-15,1.077779,"w1=0.51, w2=0.35, w3=0.15, w4=0.0",165194248.42569807,304338051.4
2026-03-16,1.055217,"w1=0.51, w2=0.35, w3=0.15, w4=0.0",165250619.51260272,298545305.26
2026-03-17,1.029911,"w1=0.51, w2=0.35, w3=0.15, w4=0.0",165312543.14647338,292208612.32
2026-03-18,1.001011,"w1=0.51, w2=0.35, w3=0.15, w4=0.0",165378338.28098094,285168618.13
2026-03-19,1.059191,"w1=0.51, w2=0.35, w3=0.15, w4=0.0",165446517.444828,299928718.86
2026-03-20,1.132165,"w1=0.51, w2=0.35, w3=0.15, w4=0.0",165515776.55358958,319768622.8
2026-03-21,1.138432,"w1=0.51, w2=0.35, w3=0.15, w4=0.0",165585137.5439469,321669489.86
2026-03-22,1.115669,"w1=0.51, w2=0.35, w3=0.15, w4=0.0",165653663.10521936,315438752.0
2026-03-23,1.096726,"w1=0.51, w2=0.35, w3=0.15, w4=0.0",165720721.57151368,310385635.62
2026-03-24,1.1071,"w1=0.51, w2=0.35, w3=0.15, w4=0.0",165785732.21773428,313332694.86
2026-03-25,1.097575,"w1=0.51, w2=0.35, w3=0.15, w4=0.0",165848318.08197704,310854744.37
2026-03-26,1.092069,"w1=0.51, w2=0.35, w3=0.15, w4=0.0",164436127.0957236,306731786.17
2026-03-27,1.073938,"w1=0.51, w2=0.35, w3=0.15, w4=0.0",164390066.4263045,301847828.85
2026-03-28,1.046042,"w1=0.51, w2=0.35, w3=0.15, w4=0.0",164275877.53383613,294440845.2
2026-03-29,1.031088,"w1=0.51, w2=0.35, w3=0.15, w4=0.0",164115271.38636371,290386216.73
2026-03-30,1.099623,"w1=0.51, w2=0.35, w3=0.15, w4=0.0",163925791.99466795,307800836.48
2026-03-31,1.162736,"w1=0.51, w2=0.35, w3=0.15, w4=0.0",163720551.52011633,324934389.63
2026-04-01,1.182724,"w1=0.51, w2=0.35, w3=0.15, w4=0.0",163508841.5642373,330306872.13
2026-04-02,1.154675,"w1=0.51, w2=0.35, w3=0.15, w4=0.0",163229563.73408544,321662646.47
2026-04-03,1.137409,"w1=0.51, w2=0.35, w3=0.15, w4=0.0",162953902.70058116,316273360.87
2026-04-04,1.148092,"w1=0.51, w2=0.35, w3=0.15, w4=0.0",162689570.90051952,318743292.0
2026-04-05,1.13894,"w1=0.51, w2=0.35, w3=0.15, w4=0.0",162445656.17223755,315711678.25
2026-04-06,1.127323,"w1=0.51, w2=0.35, w3=0.15, w4=0.0",162227517.4876694,312086376.67
2026-04-07,1.109745,"w1=0.51, w2=0.35, w3=0.15, w4=0.0",162037803.7683035,306958158.14
2026-04-08,1.085079,"w1=0.51, w2=0.35, w3=0.15, w4=0.0",161877421.76034164,300126497.17
2026-04-09,1.071736,"w1=0.51, w2=0.35, w3=0.15, w4=0.0",161745933.37292227,296425636.62
2026-04-10,1.15252,"w1=0.51, w2=0.35, w3=0.15, w4=0.0",161641871.5110672,317929066.51
2026-04-11,1.216853,"w1=0.51, w2=0.35, w3=0.15, w4=0.0",161563259.67181972,336437891.84
2026-04-12,1.21414,"w1=0.51, w2=0.35, w3=0.15, w4=0.0",161507815.70743603,335509369.88
2026-04-13,1.189206,"w1=0.51, w2=0.35, w3=0.15, w4=0.0",161473023.1425021,328075914.26
2026-04-14,1.170281,"w1=0.51, w2=0.35, w3=0.15, w4=0.0",161456385.87792316,322585474.12
2026-04-15,1.165738,"w1=0.51, w2=0.35, w3=0.15, w4=0.0",161455428.1909235,321290091.92
2026-04-16,1.14862,"w1=0.51, w2=0.35, w3=0.15, w4=0.0",161467837.3692806,316496863.12
2026-04-17,1.132799,"w1=0.51, w2=0.35, w3=0.15, w4=0.0",161491412.77052718,312167542.35
2026-04-18,1.107007,"w1=0.51, w2=0.35, w3=0.15, w4=0.0",161524218.64434484,305253681.06
2026-04-19,1.070992,"w1=0.51, w2=0.35, w3=0.15, w4=0.0",161564390.55753207,295901832.16
2026-04-20,1.093863,"w1=0.51, w2=0.35, w3=0.15, w4=0.0",161610379.90983418,301932492.7
2026-04-21,1.188712,"w1=0.51, w2=0.35, w3=0.15, w4=0.0",161660739.98259214,328313282.16
2026-04-22,1.217598,"w1=0.51, w2=0.35, w3=0.15, w4=0.0",161714248.19665742,336976280.27
2026-04-23,1.199835,"w1=0.51, w2=0.35, w3=0.15, w4=0.0",161769804.2307964,331798532.02
2026-04-24,1.167572,"w1=0.51, w2=0.35, w3=0.15, w4=0.0",161826501.3388073,322551123.76
2026-04-25,1.157754,"w1=0.51, w2=0.35, w3=0.15, w4=0.0",162423863.6989158,320945735.13
2026-04-26,1.152369,"w1=0.51, w2=0.35, w3=0.15, w4=0.0",162515332.9955415,319604496.58
2026-04-27,1.133612,"w1=0.51, w2=0.35, w3=0.15, w4=0.0",162629450.57089284,314592015.81
2026-04-28,1.113585,"w1=0.51, w2=0.35, w3=0.15, w4=0.0",162757648.1827709,309359295.21
2026-04-29,1.088879,"w1=0.51, w2=0.35, w3=0.15, w4=0.0",162892845.060274,303009813.14
2026-04-30,1.053611,"w1=0.51, w2=0.35, w3=0.15, w4=0.0",163029692.41962758,294124185.17
2026-05-01,1.102598,"w1=0.51, w2=0.35, w3=0.15, w4=0.0",163164349.3246734,307167810.47
2026-05-02,1.195416,"w1=0.51, w2=0.35, w3=0.15, w4=0.0",163260861.7602866,333543472.38
2026-05-03,1.204615,"w1=0.51, w2=0.35, w3=0.15, w4=0.0",163346982.2731377,336461773.47
2026-05-04,1.181983,"w1=0.51, w2=0.35, w3=0.15, w4=0.0",163426398.97699124,329923466.84
2026-05-05,1.153655,"w1=0.51, w2=0.35, w3=0.15, w4=0.0",163503003.7488033,321911732.78
2026-05-06,1.157011,"w1=0.51, w2=0.35, w3=0.15, w4=0.0",163579343.62846652,323017038.35
2026-05-07,1.144375,"w1=0.51, w2=0.35, w3=0.15, w4=0.0",163656804.2056825,319590351.91
2026-05-08,1.125664,"w1=0.51, w2=0.35, w3=0.15, w4=0.0",163736088.46346164,314530348.22
2026-05-09,1.104158,"w1=0.51, w2=0.35, w3=0.15, w4=0.0",163817186.21364436,308817289.8
2026-05-10,1.076463,"w1=0.51, w2=0.35, w3=0.15, w4=0.0",163899801.99960312,301608260.07
2026-05-11,1.057116,"w1=0.51, w2=0.35, w3=0.15, w4=0.0",163983283.7791254,296742768.78
2026-05-12,1.123136,"w1=0.51, w2=0.35, w3=0.15, w4=0.0",164066948.94551992,314467938.25
2026-05-13,1.185637,"w1=0.51, w2=0.35, w3=0.15, w4=0.0",164149992.63418064,332460047.63
2026-05-14,1.17965,"w1=0.51, w2=0.35, w3=0.15, w4=0.0",164231711.86209717,330864211.8
2026-05-15,1.154878,"w1=0.51, w2=0.35, w3=0.15, w4=0.0",164311383.26994002,323852487.21
2026-05-16,1.135761,"w1=0.51, w2=0.35, w3=0.15, w4=0.0",164388466.88525188,318595770.89
2026-05-17,1.139346,"w1=0.51, w2=0.35, w3=0.15, w4=0.0",164462432.9237351,319745423.51
2026-05-18,1.117108,"w1=0.51, w2=0.35, w3=0.15, w4=0.0",164532934.98796433,313699680.55
2026-05-19,1.096071,"w1=0.51, w2=0.35, w3=0.15, w4=0.0",164599636.86867365,308109843.02
2026-05-20,1.071285,"w1=0.51, w2=0.35, w3=0.15, w4=0.0",164662375.55530998,301652409.59
2026-05-21,1.033968,"w1=0.51, w2=0.35, w3=0.15, w4=0.0",164721028.78995848,292181460.18
2026-05-22,1.045111,"w1=0.51, w2=0.35, w3=0.15, w4=0.0",164775566.0081404,295099236.57
2026-05-23,1.129464,"w1=0.51, w2=0.35, w3=0.15, w4=0.0",164826007.5861749,317681654.25
2026-05-24,1.174849,"w1=0.51, w2=0.35, w3=0.15, w4=0.0",164872384.0885407,330745163.19
2026-05-25,1.145406,"w1=0.51, w2=0.35, w3=0.15, w4=0.0",168282717.68243694,328922335.17
2026-05-26,1.118964,"w1=0.51, w2=0.35, w3=0.15, w4=0.0",168528996.06373933,321841395.48
2026-05-27,1.101302,"w1=0.51, w2=0.35, w3=0.15, w4=0.0",168907302.80491835,317619688.6
2026-05-28,1.098401,"w1=0.51, w2=0.35, w3=0.15, w4=0.0",169371404.03784215,317687030.65
2026-05-29,1.081175,"w1=0.51, w2=0.35, w3=0.15, w4=0.0",169882187.4179189,313899854.08
2026-05-30,1.057496,"w1=0.51, w2=0.35, w3=0.15, w4=0.0",170409995.2126383,308473898.38
2026-05-31,1.031108,"w1=0.51, w2=0.35, w3=0.15, w4=0.0",170933656.42641237,302455899.64
2026-06-01,1.01108,"w1=0.51, w2=0.35, w3=0.15, w4=0.0",171438765.00160825,298177477.88
2026-06-02,1.035681,"w1=0.51, w2=0.35, w3=0.15, w4=0.0",171886534.61474025,305341709.36
2026-06-03,1.121365,"w1=0.51, w2=0.35, w3=0.15, w4=0.0",172302333.7831394,329740407.87
2026-06-04,1.135999,"w1=0.51, w2=0.35, w3=0.15, w4=0.0",172685765.16858247,334746506.85
2026-06-05,1.115501,"w1=0.51, w2=0.35, w3=0.15, w4=0.0",173039824.08998322,329455065.33
2026-06-06,1.089048,"w1=0.51, w2=0.35, w3=0.15, w4=0.0",173367159.46883005,322541377.25
2026-06-07,1.08802,"w1=0.51, w2=0.35, w3=0.15, w4=0.0",173669982.1357498,322815660.65
2026-06-08,1.08737,"w1=0.51, w2=0.35, w3=0.15, w4=0.0",173950054.64234817,323153326.85
2026-06-09,1.074328,"w1=0.51, w2=0.35, w3=0.15, w4=0.0",174208782.95464593,319984978.13
2026-06-10,1.056469,"w1=0.51, w2=0.35, w3=0.15, w4=0.0",174447236.82939804,315501598.58
2026-06-11,1.034116,"w1=0.51, w2=0.35, w3=0.15, w4=0.0",174666343.38912538,309861900.93
2026-06-12,1.008064,"w1=0.51, w2=0.35, w3=0.15, w4=0.0",174866927.8747532,303355286.7
2026-06-13,1.048103,"w1=0.51, w2=0.35, w3=0.15, w4=0.0",175049683.08113232,314310144.48
2026-06-14,1.124437,"w1=0.51, w2=0.35, w3=0.15, w4=0.0",175215393.49654964,336219578.63
2026-06-15,1.138897,"w1=0.51, w2=0.35, w3=0.15, w4=0.0",175364853.79745173,340807134.16
2026-06-16,1.126149,"w1=0.51, w2=0.35, w3=0.15, w4=0.0",175498848.4721255,337269600.83
2026-06-17,1.109366,"w1=0.51, w2=0.35, w3=0.15, w4=0.0",175618253.70229402,332574198.43
2026-06-18,1.110445,"w1=0.51, w2=0.35, w3=0.15, w4=0.0",175723945.66968042,333088506.17
2026-06-19,1.100803,"w1=0.51, w2=0.35, w3=0.15, w4=0.0",175816871.87312472,330468715.09
2026-06-20,1.084623,"w1=0.51, w2=0.35, w3=0.15, w4=0.0",175897969.62330744,325991717.9
2026-06-21,1.059429,"w1=0.51, w2=0.35, w3=0.15, w4=0.0",175968155.85458994,319068532.77
2026-06-22,1.03299,"w1=0.51, w2=0.35, w3=0.15, w4=0.0",176028398.44213146,311975633.8
2026-06-23,1.0096,"w1=0.51, w2=0.35, w3=0.15, w4=0.0",176079553.19133592,305860996.69
2026-06-24,1.07223,"w1=0.51, w2=0.35, w3=0.15, w4=0.0",174725699.60678425,320350474.08
2026-06-25,1.139744,"w1=0.51, w2=0.35, w3=0.15, w4=0.0",174673994.69696298,339717498.49
2026-06-26,1.145805,"w1=0.51, w2=0.35, w3=0.15, w4=0.0",174558389.6503143,341308554.14
2026-06-27,1.126194,"w1=0.51, w2=0.35, w3=0.15, w4=0.0",174399270.9741392,335169690.43
2026-06-28,1.106573,"w1=0.51, w2=0.35, w3=0.15, w4=0.0",174214040.04498443,329110457.9
2026-06-29,1.113993,"w1=0.51, w2=0.35, w3=0.15, w4=0.0",174015839.58869615,330876270.36
2026-06-30,1.102182,"w1=0.51, w2=0.35, w3=0.15, w4=0.0",173814195.53447297,327098017.05
2026-07-01,1.10014,"w1=0.51, w2=0.35, w3=0.15, w4=0.0",173615679.245238,326142512.88
2026-07-02,1.082527,"w1=0.51, w2=0.35, w3=0.15, w4=0.0",173395910.45513856,320769247.14
2026-07-03,1.056714,"w1=0.51, w2=0.35, w3=0.15, w4=0.0",173186625.28123736,313288078.13
2026-07-04,1.046072,"w1=0.51, w2=0.35, w3=0.15, w4=0.0",172991603.53073514,310070558.08
2026-07-05,1.121027,"w1=0.51, w2=0.35, w3=0.15, w4=0.0",172814828.774024,330623225.54
2026-07-06,1.17788,"w1=0.51, w2=0.35, w3=0.15, w4=0.0",172658297.89037988,347295396.84
2026-07-07,1.176467,"w1=0.51, w2=0.35, w3=0.15, w4=0.0",172522581.41673866,346588280.88
2026-07-08,1.157254,"w1=0.51, w2=0.35, w3=0.15, w4=0.0",172407302.39119625,340522463.88
2026-07-09,1.140911,"w1=0.51, w2=0.35, w3=0.15, w4=0.0",172311391.05699775,335466781.55
2026-07-10,1.147447,"w1=0.51, w2=0.35, w3=0.15, w4=0.0",172233298.81388837,337249780.5
2026-07-11,1.128593,"w1=0.51, w2=0.35, w3=0.15, w4=0.0",172171252.92210287,331585084.59
2026-07-12,1.106979,"w1=0.51, w2=0.35, w3=0.15, w4=0.0",172123439.88923758,325276471.05
2026-07-13,1.082188,"w1=0.51, w2=0.35, w3=0.15, w4=0.0",172088025.84656987,318255915.56
2026-07-14,1.049755,"w1=0.51, w2=0.35, w3=0.15, w4=0.0",172063227.8661748,309388967.67
2026-07-15,1.076212,"w1=0.51, w2=0.35, w3=0.15, w4=0.0",172047476.9714785,316532583.63
2026-07-16,1.161392,"w1=0.51, w2=0.35, w3=0.15, w4=0.0",172039244.93854538,341039258.29
2026-07-17,1.197077,"w1=0.51, w2=0.35, w3=0.15, w4=0.0",172037217.4947908,351993055.1
2026-07-18,1.18371,"w1=0.51, w2=0.35, w3=0.15, w4=0.0",172040294.31898114,347845453.43
2026-07-19,1.155611,"w1=0.51, w2=0.35, w3=0.15, w4=0.0",172047344.52540407,339319183.74
2026-07-20,1.148122,"w1=0.51, w2=0.35, w3=0.15, w4=0.0",172057542.87313434,337106041.33
2026-07-21,1.144585,"w1=0.51, w2=0.35, w3=0.15, w4=0.0",172070186.37916157,336082206.94
2026-07-22,1.126527,"w1=0.51, w2=0.35, w3=0.15, w4=0.0",172084531.3078371,330817739.08
2026-07-23,1.105534,"w1=0.51, w2=0.35, w3=0.15, w4=0.0",172100078.439342,324821891.09
2026-07-24,1.080186,"w1=0.51, w2=0.35, w3=0.15, w4=0.0",172099426.39712948,317723449.51
2026-07-25,1.052289,"w1=0.51, w2=0.35, w3=0.15, w4=0.0",172117520.568527,310165002.46
2026-07-26,1.091966,"w1=0.51, w2=0.35, w3=0.15, w4=0.0",172134983.07403117,321064069.19
2026-07-27,1.183121,"w1=0.51, w2=0.35, w3=0.15, w4=0.0",172151905.6070781,347889330.86
2026-07-28,1.201989,"w1=0.51, w2=0.35, w3=0.15, w4=0.0",172168267.79134864,353803802.71
2026-07-29,1.183537,"w1=0.51, w2=0.35, w3=0.15, w4=0.0",172184100.1913215,348082795.95
2026-07-30,1.159848,"w1=0.51, w2=0.35, w3=0.15, w4=0.0",172199372.24251798,340891530.28
2026-07-31,1.160943,"w1=0.51, w2=0.35, w3=0.15, w4=0.0",172214012.62782106,341250347.1
2026-08-01,1.154743,"w1=0.51, w2=0.35, w3=0.15, w4=0.0",172228062.09986904,339415583.37
2026-08-02,1.130933,"w1=0.51, w2=0.35, w3=0.15, w4=0.0",172211618.41032195,332344882.35
2026-08-03,1.106166,"w1=0.51, w2=0.35, w3=0.15, w4=0.0",172195928.64458308,325182331.21
2026-08-04,1.072699,"w1=0.51, w2=0.35, w3=0.15, w4=0.0",172183672.28861952,315818332.33
2026-08-05,1.07284,"w1=0.51, w2=0.35, w3=0.15, w4=0.0",172177803.9087068,315846222.02
2026-08-06,1.15366,"w1=0.51, w2=0.35, w3=0.15, w4=0.0",172179678.53006783,338996237.52
2026-08-07,1.209484,"w1=0.51, w2=0.35, w3=0.15, w4=0.0",172189744.43172365,356217758.29
2026-08-08,1.204894,"w1=0.51, w2=0.35, w3=0.15, w4=0.0",172207685.78072765,354801164.31
2026-08-09,1.174984,"w1=0.51, w2=0.35, w3=0.15, w4=0.0",172232901.47566512,345552166.71
2026-08-10,1.156395,"w1=0.51, w2=0.35, w3=0.15, w4=0.0",172264525.52297255,339982631.59
2026-08-11,1.159387,"w1=0.51, w2=0.35, w3=0.15, w4=0.0",172301498.3540546,340954886.13
2026-08-12,1.140205,"w1=0.51, w2=0.35, w3=0.15, w4=0.0",172342780.77663505,335319554.58
2026-08-13,1.121214,"w1=0.51, w2=0.35, w3=0.15, w4=0.0",172387292.84579942,329859337.34
2026-08-14,1.094342,"w1=0.51, w2=0.35, w3=0.15, w4=0.0",172434076.87454805,322288677.31
2026-08-15,1.055501,"w1=0.51, w2=0.35, w3=0.15, w4=0.0",172482205.74036,311686593.43
2026-08-16,1.086139,"w1=0.51, w2=0.35, w3=0.15, w4=0.0",172530915.3312675,320173673.37
2026-08-17,1.188378,"w1=0.51, w2=0.35, w3=0.15, w4=0.0",172579441.5353027,350383924.58
2026-08-18,1.220076,"w1=0.51, w2=0.35, w3=0.15, w4=0.0",172627285.13264668,360513222.05
2026-08-19,1.204282,"w1=0.51, w2=0.35, w3=0.15, w4=0.0",172673906.1508422,355567911.57
2026-08-20,1.167375,"w1=0.51, w2=0.35, w3=0.15, w4=0.0",172718917.4398255,344201821.77
2026-08-21,1.162372,"w1=0.51, w2=0.35, w3=0.15, w4=0.0",172762064.2956074,342768733.83
2026-08-22,1.158688,"w1=0.51, w2=0.35, w3=0.15, w4=0.0",172803071.63787943,341736448.6
2026-08-23,1.154766,"w1=0.51, w2=0.35, w3=0.15, w4=0.0",169543166.2200445,334131148.99
2026-08-24,1.131851,"w1=0.51, w2=0.35, w3=0.15, w4=0.0",169336356.76891896,327059589.55
2026-08-25,1.11041,"w1=0.51, w2=0.35, w3=0.15, w4=0.0",168969664.52965057,320275817.27
2026-08-26,1.086955,"w1=0.51, w2=0.35, w3=0.15, w4=0.0",168498431.58502725,312912580.61
2026-08-27,1.141695,"w1=0.51, w2=0.35, w3=0.15, w4=0.0",167969197.44796798,327238787.83
2026-08-28,1.228927,"w1=0.51, w2=0.35, w3=0.15, w4=0.0",167417223.33874694,352408909.48
2026-08-29,1.229347,"w1=0.51, w2=0.35, w3=0.15, w4=0.0",166867419.30751443,351383550.93
2026-08-30,1.205854,"w1=0.51, w2=0.35, w3=0.15, w4=0.0",166335862.27007303,342996494.79
2026-08-31,1.181587,"w1=0.51, w2=0.35, w3=0.15, w4=0.0",165832078.15562135,334662498.27
2026-09-01,1.197222,"w1=0.51, w2=0.35, w3=0.15, w4=0.0",165360794.2702002,338376527.74
2026-09-02,1.180311,"w1=0.51, w2=0.35, w3=0.15, w4=0.0",164885689.82494003,332376407.77
2026-09-03,1.158879,"w1=0.51, w2=0.35, w3=0.15, w4=0.0",164438460.1842653,325249380.21
2026-09-04,1.14027,"w1=0.51, w2=0.35, w3=0.15, w4=0.0",164023975.28845072,319152280.12
2026-09-05,1.108341,"w1=0.51, w2=0.35, w3=0.15, w4=0.0",163646493.78819695,309625265.38
2026-09-06,1.107663,"w1=0.51, w2=0.35, w3=0.15, w4=0.0",163307727.2943118,308801226.23
2026-09-07,1.193966,"w1=0.51, w2=0.35, w3=0.15, w4=0.0",163007451.66728473,332596843.95
2026-09-08,1.250627,"w1=0.51, w2=0.35, w3=0.15, w4=0.0",162744260.941095,349298628.87
2026-09-09,1.237835,"w1=0.51, w2=0.35, w3=0.15, w4=0.0",162515740.52192435,344829779.46
2026-09-10,1.205004,"w1=0.51, w2=0.35, w3=0.15, w4=0.0",162318956.2198164,334460077.94
2026-09-11,1.188118,"w1=0.51, w2=0.35, w3=0.15, w4=0.0",162150821.0224212,329134968.27
2026-09-12,1.195037,"w1=0.51, w2=0.35, w3=0.15, w4=0.0",162008217.35291022,330872823.32
2026-09-13,1.179118,"w1=0.51, w2=0.35, w3=0.15, w4=0.0",161888098.95157173,325988986.81
2026-09-14,1.164528,"w1=0.51, w2=0.35, w3=0.15, w4=0.0",161787715.0153217,321607177.34
2026-09-15,1.141596,"w1=0.51, w2=0.35, w3=0.15, w4=0.0",161704498.12794825,315006412.7
2026-09-16,1.102381,"w1=0.51, w2=0.35, w3=0.15, w4=0.0",161636105.01275018,304233133.47
2026-09-17,1.126449,"w1=0.51, w2=0.35, w3=0.15, w4=0.0",161580569.35493034,310603516.98
2026-09-18,1.216736,"w1=0.51, w2=0.35, w3=0.15, w4=0.0",161536016.5331277,336346041.97
2026-09-19,1.254293,"w1=0.51, w2=0.35, w3=0.15, w4=0.0",161500867.3826088,347772989.99
2026-09-20,1.243418,"w1=0.51, w2=0.35, w3=0.15, w4=0.0",161473766.87815076,344337434.4
2026-09-21,1.214548,"w1=0.51, w2=0.35, w3=0.15, w4=0.0",161453461.87612635,335518539.93
2026-09-22,1.213828,"w1=0.51, w2=0.35, w3=0.15, w4=0.0",160659315.2139099,333653869.52
2026-09-23,1.20978,"w1=0.51, w2=0.35, w3=0.15, w4=0.0",160605817.1880042,332341154.06
2026-09-24,1.191683,"w1=0.51, w2=0.35, w3=0.15, w4=0.0",160514969.3691123,326847583.18
2026-09-25,1.170421,"w1=0.51, w2=0.35, w3=0.15, w4=0.0",160397652.71165577,320509852.77
2026-09-26,1.145263,"w1=0.51, w2=0.35, w3=0.15, w4=0.0",160263678.41330114,313209024.24
2026-09-27,1.112264,"w1=0.51, w2=0.35, w3=0.15, w4=0.0",160120881.1687583,303995897.35
2026-09-28,1.150104,"w1=0.51, w2=0.35, w3=0.15, w4=0.0",159975322.9329718,313981706.12
2026-09-29,1.247085,"w1=0.51, w2=0.35, w3=0.15, w4=0.0",159831191.03952518,341957532.73
2026-09-30,1.275822,"w1=0.51, w2=0.35, w3=0.15, w4=0.0",159691399.3020557,350604509.64
2026-10-01,1.264815,"w1=0.51, w2=0.35, w3=0.15, w4=0.0",159557649.14321163,346854566.01
2026-10-02,1.237767,"w1=0.51, w2=0.35, w3=0.15, w4=0.0",159384236.47915885,338164681.29
2026-10-03,1.239894,"w1=0.51, w2=0.35, w3=0.15, w4=0.0",159202785.3572048,338423971.75
2026-10-04,1.228733,"w1=0.51, w2=0.35, w3=0.15, w4=0.0",159018002.7070711,334670699.41
2026-10-05,1.207594,"w1=0.51, w2=0.35, w3=0.15, w4=0.0",158836378.38640434,328040056.8
2026-10-06,1.185277,"w1=0.51, w2=0.35, w3=0.15, w4=0.0",158663240.80265996,321244864.65
2026-10-07,1.155188,"w1=0.51, w2=0.35, w3=0.15, w4=0.0",158502675.40782583,312489159.81
2026-10-08,1.130343,"w1=0.51, w2=0.35, w3=0.15, w4=0.0",158357453.38130516,305449952.29
2026-10-09,1.195669,"w1=0.51, w2=0.35, w3=0.15, w4=0.0",158229164.07599095,323336376.72
2026-10-10,1.281871,"w1=0.51, w2=0.35, w3=0.15, w4=0.0",158118337.27618098,349050426.34
2026-10-11,1.286485,"w1=0.51, w2=0.35, w3=0.15, w4=0.0",158024850.72396028,350300454.93
2026-10-12,1.266242,"w1=0.51, w2=0.35, w3=0.15, w4=0.0",157947889.36656326,343796481.86
2026-10-13,1.245019,"w1=0.51, w2=0.35, w3=0.15, w4=0.0",157886312.13011798,337171031.48
2026-10-14,1.249551,"w1=0.51, w2=0.35, w3=0.15, w4=0.0",157838753.801242,338442863.22
2026-10-15,1.2319,"w1=0.51, w2=0.35, w3=0.15, w4=0.0",157803737.09679753,333057364.19
2026-10-16,1.213469,"w1=0.51, w2=0.35, w3=0.15, w4=0.0",157779845.86260423,327568950.41
2026-10-17,1.186879,"w1=0.51, w2=0.35, w3=0.15, w4=0.0",157765572.2510457,319881773.11
2026-10-18,1.153015,"w1=0.51, w2=0.35, w3=0.15, w4=0.0",157759632.554016,310428670.17
2026-10-19,1.15271,"w1=0.51, w2=0.35, w3=0.15, w4=0.0",157760773.6278879,310347431.61
2026-10-20,1.234943,"w1=0.51, w2=0.35, w3=0.15, w4=0.0",157767925.71590653,333889923.13
2026-10-21,1.300842,"w1=0.51, w2=0.35, w3=0.15, w4=0.0",157780049.62579566,354328854.67
2026-10-22,1.302609,"w1=0.51, w2=0.35, w3=0.15, w4=0.0",156435283.87958103,351871526.94
2026-10-23,1.274166,"w1=0.51, w2=0.35, w3=0.15, w4=0.0",156347950.97574106,342751829.13
2026-10-24,1.260537,"w1=0.51, w2=0.35, w3=0.15, w4=0.0",156194048.63726616,338238331.52
2026-10-25,1.264241,"w1=0.51, w2=0.35, w3=0.15, w4=0.0",155992730.60414925,338929842.24
2026-10-26,1.246068,"w1=0.51, w2=0.35, w3=0.15, w4=0.0",155760644.32912883,332944724.78
2026-10-27,1.228672,"w1=0.51, w2=0.35, w3=0.15, w4=0.0",155510912.161732,327271791.96
2026-10-28,1.203264,"w1=0.51, w2=0.35, w3=0.15, w4=0.0",155253314.73514655,319406043.99
2026-10-29,1.169245,"w1=0.51, w2=0.35, w3=0.15, w4=0.0",154994861.5031572,309391827.33
2026-10-30,1.19077,"w1=0.51, w2=0.35, w3=0.15, w4=0.0",154740279.7718047,314833491.12
2026-10-31,1.299229,"w1=0.51, w2=0.35, w3=0.15, w4=0.0",154492768.62319425,346440261.93
2026-11-01,1.349099,"w1=0.51, w2=0.35, w3=0.15, w4=0.0",154254263.8076443,361946528.9
2026-11-02,1.33404,"w1=0.51, w2=0.35, w3=0.15, w4=0.0",153973844.9036205,356362912.87
2026-11-03,1.304183,"w1=0.51, w2=0.35, w3=0.15, w4=0.0",153691408.74400175,346192970.39
2026-11-04,1.295089,"w1=0.51, w2=0.35, w3=0.15, w4=0.0",153413679.51410463,342734031.17
2026-11-05,1.290886,"w1=0.51, w2=0.35, w3=0.15, w4=0.0",153147136.88341615,340840633.14
2026-11-06,1.267562,"w1=0.51, w2=0.35, w3=0.15, w4=0.0",152896080.2552751,333196217.99
2026-11-07,1.246342,"w1=0.51, w2=0.35, w3=0.15, w4=0.0",152663117.7985316,326403853.76
2026-11-08,1.217446,"w1=0.51, w2=0.35, w3=0.15, w4=0.0",152449635.10288727,317627809.3
2026-11-09,1.188338,"w1=0.51, w2=0.35, w3=0.15, w4=0.0",152256080.44736323,309110912.46
2026-11-10,1.23157,"w1=0.51, w2=0.35, w3=0.15, w4=0.0",152082209.31612977,320886860.65
2026-11-11,1.338074,"w1=0.51, w2=0.35, w3=0.15, w4=0.0",151927369.66697437,352920723.79
2026-11-12,1.357154,"w1=0.51, w2=0.35, w3=0.15, w4=0.0",151790501.93130165,358795209.91
2026-11-13,1.336822,"w1=0.51, w2=0.35, w3=0.15, w4=0.0",151670424.28260148,351922245.39
2026-11-14,1.301459,"w1=0.51, w2=0.35, w3=0.15, w4=0.0",151565812.26012957,340563681.87
2026-11-15,1.304154,"w1=0.51, w2=0.35, w3=0.15, w4=0.0",151475402.53209925,341192407.5
2026-11-16,1.291891,"w1=0.51, w2=0.35, w3=0.15, w4=0.0",151397829.885128,337253699.95
2026-11-17,1.275435,"w1=0.51, w2=0.35, w3=0.15, w4=0.0",151331851.36374816,332135101.06
2026-11-18,1.256725,"w1=0.51, w2=0.35, w3=0.15, w4=0.0",151276285.1414496,326468181.34
2026-11-19,1.227394,"w1=0.51, w2=0.35, w3=0.15, w4=0.0",151230010.5206795,317899170.78
2026-11-20,1.205218,"w1=0.51, w2=0.35, w3=0.15, w4=0.0",151192029.06179997,311592289.13
2026-11-21,1.257832,"w1=0.51, w2=0.35, w3=0.15, w4=0.0",154851218.64136997,334515884.13
2026-11-22,1.332469,"w1=0.51, w2=0.35, w3=0.15, w4=0.0",155092953.10350382,358440029.3
2026-11-23,1.325984,"w1=0.51, w2=0.35, w3=0.15, w4=0.0",155531818.26517105,357339869.1
2026-11-24,1.290916,"w1=0.51, w2=0.35, w3=0.15, w4=0.0",156114693.06237003,347454578.43
2026-11-25,1.259559,"w1=0.51, w2=0.35, w3=0.15, w4=0.0",156795170.42825624,339241585.87
2026-11-26,1.264127,"w1=0.51, w2=0.35, w3=0.15, w4=0.0",157536318.28438595,342248527.61
2026-11-27,1.241973,"w1=0.51, w2=0.35, w3=0.15, w4=0.0",158310180.32089713,337154142.62
2026-11-28,1.216842,"w1=0.51, w2=0.35, w3=0.15, w4=0.0",159096482.10024416,331297844.1
2026-11-29,1.187318,"w1=0.51, w2=0.35, w3=0.15, w4=0.0",159881153.77405986,324297608.95
2026-11-30,1.144341,"w1=0.51, w2=0.35, w3=0.15, w4=0.0",160654883.36449665,313718785.16
2026-12-01,1.156773,"w1=0.51, w2=0.35, w3=0.15, w4=0.0",161411843.24428007,318669975.13
2026-12-02,1.242055,"w1=0.51, w2=0.35, w3=0.15, w4=0.0",162099238.3705148,345249098.75
2026-12-03,1.28794,"w1=0.51, w2=0.35, w3=0.15, w4=0.0",162751127.76064566,361251942.1
2026-12-04,1.274145,"w1=0.51, w2=0.35, w3=0.15, w4=0.0",163371749.68905404,358142883.9
2026-12-05,1.234277,"w1=0.51, w2=0.35, w3=0.15, w4=0.0",163966748.39614215,346801882.64
2026-12-06,1.21668,"w1=0.51, w2=0.35, w3=0.15, w4=0.0",164540545.54316363,342584873.04
2026-12-07,1.216218,"w1=0.51, w2=0.35, w3=0.15, w4=0.0",165096401.34118113,343600524.48
2026-12-08,1.19193,"w1=0.51, w2=0.35, w3=0.15, w4=0.0",165636648.87873632,337350581.99
2026-12-09,1.171219,"w1=0.51, w2=0.35, w3=0.15, w4=0.0",166162796.00344566,332264413.55
2026-12-10,1.145028,"w1=0.51, w2=0.35, w3=0.15, w4=0.0",166675657.7680748,325672785.96
2026-12-11,1.116537,"w1=0.51, w2=0.35, w3=0.15, w4=0.0",167175631.51084706,318578925.32
2026-12-12,1.152713,"w1=0.51, w2=0.35, w3=0.15, w4=0.0",167662707.0436028,329827415.05
2026-12-13,1.239294,"w1=0.51, w2=0.35, w3=0.15, w4=0.0",168136711.16762933,357223091.17
2026-12-14,1.242797,"w1=0.51, w2=0.35, w3=0.15, w4=0.0",168597338.23813954,359328094.7
2026-12-15,1.219544,"w1=0.51, w2=0.35, w3=0.15, w4=0.0",169044201.10506976,352862692.54
2026-12-16,1.193366,"w1=0.51, w2=0.35, w3=0.15, w4=0.0",169477014.499952,345612877.8
2026-12-17,1.195981,"w1=0.51, w2=0.35, w3=0.15, w4=0.0",169895595.03591394,347272671.96
2026-12-18,1.182606,"w1=0.51, w2=0.35, w3=0.15, w4=0.0",170299677.8208068,343989152.57
2026-12-19,1.162378,"w1=0.51, w2=0.35, w3=0.15, w4=0.0",170689232.29015186,338657924.68
2026-12-20,1.138937,"w1=0.51, w2=0.35, w3=0.15, w4=0.0",171064289.00842783,332461036.8
2026-12-21,1.105779,"w1=0.51, w2=0.35, w3=0.15, w4=0.0",171848318.82819057,324416161.98
2026-12-22,1.079953,"w1=0.51, w2=0.35, w3=0.15, w4=0.0",172245320.8421818,317928392.81
2026-12-23,1.132404,"w1=0.51, w2=0.35, w3=0.15, w4=0.0",172650677.147021,333622941.95
2026-12-24,1.204667,"w1=0.51, w2=0.35, w3=0.15, w4=0.0",173060251.34992248,356485650.25
2026-12-25,1.205941,"w1=0.51, w2=0.35, w3=0.15, w4=0.0",173470233.07920676,357735797.36
2026-12-26,1.178264,"w1=0.51, w2=0.35, w3=0.15, w4=0.0",173877382.5001304,349866558.34
2026-12-27,1.159246,"w1=0.51, w2=0.35, w3=0.15, w4=0.0",174279376.71231127,344825834.11
2026-12-28,1.167174,"w1=0.51, w2=0.35, w3=0.15, w4=0.0",174674351.28254795,348036831.25
2026-12-29,1.151296,"w1=0.51, w2=0.35, w3=0.15, w4=0.0",175061114.19617063,343951625.37
2026-12-30,1.128957,"w1=0.51, w2=0.35, w3=0.15, w4=0.0",175438758.70697755,337985954.44
2026-12-31,1.102906,"w1=0.51, w2=0.35, w3=0.15, w4=0.0",175806785.59514973,331057075.02
