Date,F,weights,Votable Supply,IVS
2023-12-04,0.856484,"w1=0.43, w2=0.27, w3=0.19, w4=0.1",82765569.72,129748538.65
2023-12-05,0.820296,"w1=0.43, w2=0.27, w3=0.19, w4=0.1",82498452.48,124445773.21
2023-12-06,0.79057,"w1=0.43, w2=0.27, w3=0.19, w4=0.1",82944352.75,121263946.11
2023-12-07,0.799464,"w1=0.43, w2=0.27, w3=0.19, w4=0.1",82127363.78,121195069.23
2023-12-08,0.829518,"w1=0.43, w2=0.27, w3=0.19, w4=0.1",82158482.04,125149511.73
2023-12-09,0.810734,"w1=0.43, w2=0.27, w3=0.19, w4=0.1",82051659.44,122528209.14
2023-12-10,0.797871,"w1=0.43, w2=0.27, w3=0.19, w4=0.1",82000609.04,120805718.05
2023-12-11,0.783307,"w1=0.43, w2=0.27, w3=0.19, w4=0.1",81792099.12,118674095.83
2023-12-12,0.838884,"w1=0.43, w2=0.27, w3=0.19, w4=0.1",81534903.35,125441619.69
2023-12-13,0.795824,"w1=0.43, w2=0.27, w3=0.19, w4=0.1",81700583.44,120105356.59
2023-12-14,0.786724,"w1=0.43, w2=0.27, w3=0.19, w4=0.1",81731496.13,119010620.08
2023-12-15,0.773522,"w1=0.43, w2=0.27, w3=0.19, w4=0.1",81707088.7,117346626.24
2023-12-16,0.767391,"w1=0.43, w2=0.27, w3=0.19, w4=0.1",81642104.65,116507647.25
2023-12-17,0.769318,"w1=0.43, w2=0.27, w3=0.19, w4=0.1",81603284.22,116685820.16
2023-12-18,0.771253,"w1=0.43, w2=0.27, w3=0.19, w4=0.1",81058572.53,116140524.58
2023-12-19,0.783564,"w1=0.43, w2=0.27, w3=0.19, w4=0.1",80957551.86,117494784.51
2023-12-20,0.768874,"w1=0.43, w2=0.27, w3=0.19, w4=0.1",80819116.73,115511172.18
2023-12-21,0.770946,"w1=0.43, w2=0.27, w3=0.19, w4=0.1",80727780.38,115629614.73
2023-12-22,0.812361,"w1=0.43, w2=0.27, w3=0.19, w4=0.1",76850174.41,114957907.47
2023-12-23,0.862346,"w1=0.43, w2=0.27, w3=0.19, w4=0.1",76503915.0,120687514.2
2023-12-24,0.846619,"w1=0.43, w2=0.27, w3=0.19, w4=0.1",76171580.22,118159720.66
2023-12-25,0.830389,"w1=0.43, w2=0.27, w3=0.19, w4=0.1",76105787.19,116036805.54
2023-12-26,0.789692,"w1=0.43, w2=0.27, w3=0.19, w4=0.1",76063269.96,111101643.34
2023-12-27,0.81208,"w1=0.43, w2=0.27, w3=0.19, w4=0.1",75251500.63,112533133.62
2023-12-28,0.85323,"w1=0.43, w2=0.27, w3=0.19, w4=0.1",75047182.04,117240082.55
2023-12-29,0.823692,"w1=0.43, w2=0.27, w3=0.19, w4=0.1",74973578.22,113501971.24
2023-12-30,0.816211,"w1=0.43, w2=0.27, w3=0.19, w4=0.1",74927314.27,112538020.75
2023-12-31,0.787902,"w1=0.43, w2=0.27, w3=0.19, w4=0.1",74905236.67,109205320.49
2024-01-01,0.790534,"w1=0.43, w2=0.27, w3=0.19, w4=0.1",74779230.47,109322483.22
2024-01-02,0.794882,"w1=0.43, w2=0.27, w3=0.19, w4=0.1",74244867.78,109037133.33
2024-01-03,0.802616,"w1=0.43, w2=0.27, w3=0.19, w4=0.1",73764045.53,109214603.03
2024-01-04,0.858941,"w1=0.43, w2=0.27, w3=0.19, w4=0.1",73792060.55,115985673.45
2024-01-05,0.81363,"w1=0.43, w2=0.27, w3=0.19, w4=0.1",73800200.2,110543469.46
2024-01-06,0.807982,"w1=0.43, w2=0.27, w3=0.19, w4=0.1",73760674.07,109828204.62
2024-01-07,0.799005,"w1=0.43, w2=0.27, w3=0.19, w4=0.1",73837490.38,108909203.46
2024-01-08,0.799821,"w1=0.43, w2=0.27, w3=0.19, w4=0.1",73918490.82,109122186.46
2024-01-09,0.836779,"w1=0.43, w2=0.27, w3=0.19, w4=0.1",73805710.74,113296301.39
2024-01-10,0.839655,"w1=0.43, w2=0.27, w3=0.19, w4=0.1",73861336.12,113729085.56
2024-01-11,0.870359,"w1=0.43, w2=0.27, w3=0.19, w4=0.1",73690653.49,117253321.43
2024-01-12,0.848006,"w1=0.43, w2=0.27, w3=0.19, w4=0.1",73449269.83,114105491.17
2024-01-13,0.871697,"w1=0.43, w2=0.27, w3=0.19, w4=0.1",73344587.06,116870582.46
2024-01-14,0.819642,"w1=0.43, w2=0.27, w3=0.19, w4=0.1",73244324.19,110409879.89
2024-01-15,0.826292,"w1=0.43, w2=0.27, w3=0.19, w4=0.1",72737503.78,110420490.44
2024-01-16,0.833244,"w1=0.43, w2=0.27, w3=0.19, w4=0.1",72712126.07,111199079.67
2024-01-17,0.824944,"w1=0.43, w2=0.27, w3=0.19, w4=0.1",72639280.18,110114002.41
2024-01-18,0.713495,"w1=0.43, w2=0.27, w3=0.19, w4=0.1",89035209.01,120197532.16
2024-01-19,0.721784,"w1=0.43, w2=0.27, w3=0.19, w4=0.1",88970519.92,121131721.82
2024-01-20,0.727981,"w1=0.43, w2=0.27, w3=0.19, w4=0.1",88872382.18,121768618.91
2024-01-21,0.714002,"w1=0.43, w2=0.27, w3=0.19, w4=0.1",88793799.87,119933653.78
2024-01-22,0.715327,"w1=0.43, w2=0.27, w3=0.19, w4=0.1",88756442.89,120045426.29
2024-01-23,0.738949,"w1=0.43, w2=0.27, w3=0.19, w4=0.1",88749073.24,122977693.12
2024-01-24,0.760502,"w1=0.43, w2=0.27, w3=0.19, w4=0.1",88788223.61,125802500.16
2024-01-25,0.733277,"w1=0.43, w2=0.27, w3=0.19, w4=0.1",88757109.48,122273531.77
2024-01-26,0.733483,"w1=0.43, w2=0.27, w3=0.19, w4=0.1",88995782.29,122628282.73
2024-01-27,0.740991,"w1=0.43, w2=0.27, w3=0.19, w4=0.1",88979751.1,123556875.93
2024-01-28,0.729073,"w1=0.43, w2=0.27, w3=0.19, w4=0.1",88708693.37,121680546.79
2024-01-29,0.738706,"w1=0.43, w2=0.27, w3=0.19, w4=0.1",88791756.55,123006066.98
2024-01-30,0.739234,"w1=0.43, w2=0.27, w3=0.19, w4=0.1",88719196.5,122972367.2
2024-01-31,0.751648,"w1=0.43, w2=0.27, w3=0.19, w4=0.1",88773757.29,124634080.04
2024-02-01,0.754651,"w1=0.43, w2=0.27, w3=0.19, w4=0.1",88664662.48,124868211.56
2024-02-02,0.74444,"w1=0.43, w2=0.27, w3=0.19, w4=0.1",88595816.08,123461874.46
2024-02-03,0.744508,"w1=0.43, w2=0.27, w3=0.19, w4=0.1",88627420.62,123514578.79
2024-02-04,0.745131,"w1=0.43, w2=0.27, w3=0.19, w4=0.1",88564328.69,123505992.97
2024-02-05,0.750276,"w1=0.43, w2=0.27, w3=0.19, w4=0.1",88626085.64,124250419.17
2024-02-06,0.756171,"w1=0.43, w2=0.27, w3=0.19, w4=0.1",88641251.53,125031834.59
2024-02-07,0.780627,"w1=0.43, w2=0.27, w3=0.19, w4=0.1",88530066.11,128091285.64
2024-02-08,0.769687,"w1=0.43, w2=0.27, w3=0.19, w4=0.1",88507007.1,126606149.29
2024-02-09,0.761975,"w1=0.43, w2=0.27, w3=0.19, w4=0.1",88460474.63,125529776.1
2024-02-10,0.767474,"w1=0.43, w2=0.27, w3=0.19, w4=0.1",88391656.46,126150501.96
2024-02-11,0.76227,"w1=0.43, w2=0.27, w3=0.19, w4=0.1",88478776.53,125594185.72
2024-02-12,0.768723,"w1=0.43, w2=0.27, w3=0.19, w4=0.1",89485371.94,127877382.8
2024-02-13,0.77113,"w1=0.43, w2=0.27, w3=0.19, w4=0.1",89637317.03,128415687.98
2024-02-14,0.768507,"w1=0.43, w2=0.27, w3=0.19, w4=0.1",89613901.32,128032293.5
2024-02-15,0.791478,"w1=0.43, w2=0.27, w3=0.19, w4=0.1",89506695.93,130982583.2
2024-02-16,0.796937,"w1=0.43, w2=0.27, w3=0.19, w4=0.1",89478749.54,131693532.22
2024-02-17,0.794277,"w1=0.43, w2=0.27, w3=0.19, w4=0.1",89455271.52,131292017.06
2024-02-18,0.792211,"w1=0.43, w2=0.27, w3=0.19, w4=0.1",89387473.61,130908637.41
2024-02-19,0.792648,"w1=0.43, w2=0.27, w3=0.19, w4=0.1",89332598.52,130888213.2
2024-02-20,0.795443,"w1=0.43, w2=0.27, w3=0.19, w4=0.1",90123095.23,132434060.62
2024-02-21,0.815871,"w1=0.43, w2=0.27, w3=0.19, w4=0.1",90025883.22,135166954.8
2024-02-22,0.801917,"w1=0.43, w2=0.27, w3=0.19, w4=0.1",89863137.64,132953059.37
2024-02-23,0.800842,"w1=0.43, w2=0.27, w3=0.19, w4=0.1",89749622.84,132635136.26
2024-02-24,0.795562,"w1=0.43, w2=0.27, w3=0.19, w4=0.1",89826439.94,132014614.08
2024-02-25,0.790126,"w1=0.43, w2=0.27, w3=0.19, w4=0.1",89683970.94,131056245.78
2024-02-26,0.791026,"w1=0.43, w2=0.27, w3=0.19, w4=0.1",89560158.46,130998763.9
2024-02-27,0.795271,"w1=0.43, w2=0.27, w3=0.19, w4=0.1",89586226.95,131621388.75
2024-02-28,0.799774,"w1=0.43, w2=0.27, w3=0.19, w4=0.1",89509028.29,132131195.1
2024-02-29,0.810219,"w1=0.43, w2=0.27, w3=0.19, w4=0.1",89388312.6,133411612.44
2024-03-01,0.840374,"w1=0.43, w2=0.27, w3=0.19, w4=0.1",89483009.37,137888266.41
2024-03-02,0.818731,"w1=0.43, w2=0.27, w3=0.19, w4=0.1",89408463.04,134646251.1
2024-03-03,0.821556,"w1=0.43, w2=0.27, w3=0.19, w4=0.1",89310945.83,134901861.19
2024-03-04,0.83937,"w1=0.43, w2=0.27, w3=0.19, w4=0.1",89361017.99,137553226.12
2024-03-05,0.819911,"w1=0.43, w2=0.27, w3=0.19, w4=0.1",88928229.75,134090235.79
2024-03-06,0.83279,"w1=0.43, w2=0.27, w3=0.19, w4=0.1",88897377.05,135885746.76
2024-03-07,0.781972,"w1=0.43, w2=0.27, w3=0.19, w4=0.1",88895436.65,128800718.9
2024-03-08,0.755688,"w1=0.43, w2=0.27, w3=0.19, w4=0.1",88830276.06,125235812.85
2024-03-09,0.756996,"w1=0.43, w2=0.27, w3=0.19, w4=0.1",88512924.77,124957546.06
2024-03-10,0.743107,"w1=0.43, w2=0.27, w3=0.19, w4=0.1",88407597.3,123030365.47
2024-03-11,0.751665,"w1=0.43, w2=0.27, w3=0.19, w4=0.1",88296552.52,123966286.42
2024-03-12,0.765391,"w1=0.43, w2=0.27, w3=0.19, w4=0.1",88219431.85,125632477.74
2024-03-13,0.771425,"w1=0.43, w2=0.27, w3=0.19, w4=0.1",88112918.98,126270578.86
2024-03-14,0.752894,"w1=0.43, w2=0.27, w3=0.19, w4=0.1",87943411.54,123627510.56
2024-03-15,0.764038,"w1=0.43, w2=0.27, w3=0.19, w4=0.1",88118244.96,125312173.82
2024-03-16,0.779712,"w1=0.43, w2=0.27, w3=0.19, w4=0.1",87972794.4,127163461.77
2024-03-17,0.771449,"w1=0.43, w2=0.27, w3=0.19, w4=0.1",87971519.81,126071095.6
2024-03-18,0.765537,"w1=0.43, w2=0.27, w3=0.19, w4=0.1",87831849.04,125099496.37
2024-03-19,0.773946,"w1=0.43, w2=0.27, w3=0.19, w4=0.1",87734647.89,126058991.42
2024-03-20,0.794172,"w1=0.43, w2=0.27, w3=0.19, w4=0.1",87788859.65,128832063.62
2024-03-21,0.799968,"w1=0.43, w2=0.27, w3=0.19, w4=0.1",87800313.33,129635251.74
2024-03-22,0.767699,"w1=0.43, w2=0.27, w3=0.19, w4=0.1",87831227.39,125379993.35
2024-03-23,0.776517,"w1=0.43, w2=0.27, w3=0.19, w4=0.1",87936657.08,126688255.56
2024-03-24,0.752771,"w1=0.43, w2=0.27, w3=0.19, w4=0.1",87882593.71,123526298.71
2024-03-25,0.756707,"w1=0.43, w2=0.27, w3=0.19, w4=0.1",87931745.46,124099916.94
2024-03-26,0.748943,"w1=0.43, w2=0.27, w3=0.19, w4=0.1",88559371.16,123986011.06
2024-03-27,0.744144,"w1=0.43, w2=0.27, w3=0.19, w4=0.1",88546971.22,123356145.15
2024-03-28,0.753397,"w1=0.43, w2=0.27, w3=0.19, w4=0.1",88620240.73,124643810.1
2024-03-29,0.738297,"w1=0.43, w2=0.27, w3=0.19, w4=0.1",88533266.3,122596353.77
2024-03-30,0.735949,"w1=0.43, w2=0.27, w3=0.19, w4=0.1",88441500.7,122173817.54
2024-03-31,0.736064,"w1=0.43, w2=0.27, w3=0.19, w4=0.1",88492284.67,122258428.18
2024-04-01,0.735042,"w1=0.43, w2=0.27, w3=0.19, w4=0.1",87858703.55,121255609.13
2024-04-02,0.749691,"w1=0.43, w2=0.27, w3=0.19, w4=0.1",87853392.02,123092700.44
2024-04-03,0.77156,"w1=0.43, w2=0.27, w3=0.19, w4=0.1",87764313.74,125788683.7
2024-04-04,0.764268,"w1=0.43, w2=0.27, w3=0.19, w4=0.1",87633583.12,124652706.22
2024-04-05,0.764094,"w1=0.43, w2=0.27, w3=0.19, w4=0.1",87520023.89,124468685.99
2024-04-06,0.776888,"w1=0.43, w2=0.27, w3=0.19, w4=0.1",87566237.1,126203413.18
2024-04-07,0.765748,"w1=0.43, w2=0.27, w3=0.19, w4=0.1",87528083.95,124694171.63
2024-04-08,0.762859,"w1=0.43, w2=0.27, w3=0.19, w4=0.1",87529307.28,124322398.54
2024-04-09,0.773812,"w1=0.43, w2=0.27, w3=0.19, w4=0.1",87424661.84,125596063.21
2024-04-10,0.777982,"w1=0.43, w2=0.27, w3=0.19, w4=0.1",87453176.85,126184365.07
2024-04-11,0.775889,"w1=0.43, w2=0.27, w3=0.19, w4=0.1",87439930.45,125890182.51
2024-04-12,0.775233,"w1=0.43, w2=0.27, w3=0.19, w4=0.1",87362808.55,125693172.63
2024-04-13,0.829974,"w1=0.43, w2=0.27, w3=0.19, w4=0.1",87380343.63,133168220.88
2024-04-14,0.876255,"w1=0.43, w2=0.27, w3=0.19, w4=0.1",87382509.44,139923479.99
2024-04-15,0.832886,"w1=0.43, w2=0.27, w3=0.19, w4=0.1",87433944.86,133662415.63
2024-04-16,0.836375,"w1=0.43, w2=0.27, w3=0.19, w4=0.1",87473043.36,134218834.4
2024-04-17,0.843771,"w1=0.43, w2=0.27, w3=0.19, w4=0.1",87308271.1,135024730.95
2024-04-18,0.831833,"w1=0.43, w2=0.27, w3=0.19, w4=0.1",88034154.58,134429589.51
2024-04-19,0.825211,"w1=0.43, w2=0.27, w3=0.19, w4=0.1",88054305.71,133519423.59
2024-04-20,0.839998,"w1=0.43, w2=0.27, w3=0.19, w4=0.1",88209367.8,135871269.21
2024-04-21,0.82139,"w1=0.43, w2=0.27, w3=0.19, w4=0.1",88130297.71,133095143.35
2024-04-22,0.81822,"w1=0.43, w2=0.27, w3=0.19, w4=0.1",88071049.91,132560525.3
2024-04-23,0.826063,"w1=0.43, w2=0.27, w3=0.19, w4=0.1",88207736.99,133872868.61
2024-04-24,0.821185,"w1=0.43, w2=0.27, w3=0.19, w4=0.1",88182057.69,133144429.8
2024-04-25,0.834043,"w1=0.43, w2=0.27, w3=0.19, w4=0.1",88158125.71,134935207.29
2024-04-26,0.824763,"w1=0.43, w2=0.27, w3=0.19, w4=0.1",88133480.21,133576073.25
2024-04-27,0.826036,"w1=0.43, w2=0.27, w3=0.19, w4=0.1",88194089.48,133848326.27
2024-04-28,0.836181,"w1=0.43, w2=0.27, w3=0.19, w4=0.1",88295316.35,135452593.76
2024-04-29,0.842422,"w1=0.43, w2=0.27, w3=0.19, w4=0.1",87995713.72,135892441.95
2024-04-30,0.821751,"w1=0.43, w2=0.27, w3=0.19, w4=0.1",89849027.64,135742626.28
2024-05-01,0.823602,"w1=0.43, w2=0.27, w3=0.19, w4=0.1",89888205.58,136068153.12
2024-05-02,0.855185,"w1=0.43, w2=0.27, w3=0.19, w4=0.1",89953943.41,140821699.94
2024-05-03,0.818155,"w1=0.43, w2=0.27, w3=0.19, w4=0.1",89934444.98,135355922.65
2024-05-04,0.804819,"w1=0.43, w2=0.27, w3=0.19, w4=0.1",89945118.96,133481214.99
2024-05-05,0.798464,"w1=0.43, w2=0.27, w3=0.19, w4=0.1",89845344.33,132445267.99
2024-05-06,0.784912,"w1=0.43, w2=0.27, w3=0.19, w4=0.1",90084718.9,130925527.29
2024-05-07,0.790898,"w1=0.43, w2=0.27, w3=0.19, w4=0.1",90179819.12,131887447.71
2024-05-08,0.78949,"w1=0.43, w2=0.27, w3=0.19, w4=0.1",90061355.04,131520090.46
2024-05-09,0.788252,"w1=0.43, w2=0.27, w3=0.19, w4=0.1",90049386.85,131332277.82
2024-05-10,0.7829,"w1=0.43, w2=0.27, w3=0.19, w4=0.1",89690563.55,130078830.91
2024-05-11,0.791566,"w1=0.43, w2=0.27, w3=0.19, w4=0.1",89574704.01,131094193.12
2024-05-12,0.7836,"w1=0.43, w2=0.27, w3=0.19, w4=0.1",89528147.97,129938294.77
2024-05-13,0.782851,"w1=0.43, w2=0.27, w3=0.19, w4=0.1",89525380.25,129832616.95
2024-05-14,0.803481,"w1=0.43, w2=0.27, w3=0.19, w4=0.1",89510478.93,132649312.61
2024-05-15,0.806646,"w1=0.43, w2=0.27, w3=0.19, w4=0.1",89685404.96,133352032.64
2024-05-16,0.824503,"w1=0.43, w2=0.27, w3=0.19, w4=0.1",89710708.21,135929099.54
2024-05-17,0.815713,"w1=0.43, w2=0.27, w3=0.19, w4=0.1",90081005.12,135227147.99
2024-05-18,0.841446,"w1=0.43, w2=0.27, w3=0.19, w4=0.1",90167531.58,139101738.89
2024-05-19,0.82162,"w1=0.43, w2=0.27, w3=0.19, w4=0.1",90151378.06,136180534.2
2024-05-20,0.823827,"w1=0.43, w2=0.27, w3=0.19, w4=0.1",90115137.82,136444174.55
2024-05-21,0.841251,"w1=0.43, w2=0.27, w3=0.19, w4=0.1",90260120.84,139215668.39
2024-05-22,0.849559,"w1=0.43, w2=0.27, w3=0.19, w4=0.1",92102246.58,143320756.03
2024-05-23,0.841072,"w1=0.43, w2=0.27, w3=0.19, w4=0.1",92127087.04,142068166.96
2024-05-24,0.882565,"w1=0.43, w2=0.27, w3=0.19, w4=0.1",92162616.87,148584316.77
2024-05-25,0.826439,"w1=0.43, w2=0.27, w3=0.19, w4=0.1",92208691.7,140000889.51
2024-05-26,0.809246,"w1=0.43, w2=0.27, w3=0.19, w4=0.1",92203522.21,137472226.76
2024-05-27,0.809194,"w1=0.43, w2=0.27, w3=0.19, w4=0.1",92292869.57,137597899.26
2024-05-28,0.826121,"w1=0.43, w2=0.27, w3=0.19, w4=0.1",91509627.27,138892683.09
2024-05-29,0.831941,"w1=0.43, w2=0.27, w3=0.19, w4=0.1",91487195.13,139718457.02
2024-05-30,0.824991,"w1=0.43, w2=0.27, w3=0.19, w4=0.1",91506397.84,138721602.86
2024-05-31,0.825842,"w1=0.43, w2=0.27, w3=0.19, w4=0.1",91617738.87,139015670.19
2024-06-01,0.825413,"w1=0.43, w2=0.27, w3=0.19, w4=0.1",91601800.05,138928324.47
2024-06-02,0.818037,"w1=0.43, w2=0.27, w3=0.19, w4=0.1",91523651.09,137730579.81
2024-06-03,0.82762,"w1=0.43, w2=0.27, w3=0.19, w4=0.1",91550933.4,139176328.23
2024-06-04,0.833365,"w1=0.43, w2=0.27, w3=0.19, w4=0.1",91537560.0,140006917.27
2024-06-05,0.830667,"w1=0.43, w2=0.27, w3=0.19, w4=0.1",91492905.57,139538361.35
2024-06-06,0.831446,"w1=0.43, w2=0.27, w3=0.19, w4=0.1",91623086.54,139852482.6
2024-06-07,0.826486,"w1=0.43, w2=0.27, w3=0.19, w4=0.1",92014800.08,139713461.89
2024-06-08,0.864571,"w1=0.43, w2=0.27, w3=0.19, w4=0.1",92057988.14,145571413.73
2024-06-09,0.845201,"w1=0.43, w2=0.27, w3=0.19, w4=0.1",92077123.42,142617095.04
2024-06-10,0.843948,"w1=0.43, w2=0.27, w3=0.19, w4=0.1",92034538.0,142360885.81
2024-06-11,0.844775,"w1=0.43, w2=0.27, w3=0.19, w4=0.1",92137133.32,142645252.94
2024-06-12,0.877142,"w1=0.43, w2=0.27, w3=0.19, w4=0.1",91992642.8,147446279.92
2024-06-13,0.852827,"w1=0.43, w2=0.27, w3=0.19, w4=0.1",91978806.23,143629107.41
2024-06-14,0.840404,"w1=0.43, w2=0.27, w3=0.19, w4=0.1",91920314.72,141648539.62
2024-06-15,0.847709,"w1=0.43, w2=0.27, w3=0.19, w4=0.1",91843238.31,142635829.53
2024-06-16,0.829008,"w1=0.43, w2=0.27, w3=0.19, w4=0.1",91807293.58,139771619.53
2024-06-17,0.824364,"w1=0.43, w2=0.27, w3=0.19, w4=0.1",91892473.37,139214400.39
2024-06-18,0.849529,"w1=0.43, w2=0.27, w3=0.19, w4=0.1",91702472.8,142694096.32
2024-06-19,0.858283,"w1=0.43, w2=0.27, w3=0.19, w4=0.1",91838845.84,144249801.32
2024-06-20,0.851076,"w1=0.43, w2=0.27, w3=0.19, w4=0.1",91820085.9,143113306.18
2024-06-21,0.854306,"w1=0.43, w2=0.27, w3=0.19, w4=0.1",91833776.37,143629502.99
2024-06-22,0.850084,"w1=0.43, w2=0.27, w3=0.19, w4=0.1",91695638.82,142768027.54
2024-06-23,0.840752,"w1=0.43, w2=0.27, w3=0.19, w4=0.1",91738252.23,141420361.99
2024-06-24,0.861068,"w1=0.43, w2=0.27, w3=0.19, w4=0.1",89867679.15,141575303.73
2024-06-25,0.884834,"w1=0.43, w2=0.27, w3=0.19, w4=0.1",89550269.67,144726470.77
2024-06-26,0.871264,"w1=0.43, w2=0.27, w3=0.19, w4=0.1",89527073.33,142590120.34
2024-06-27,0.868399,"w1=0.43, w2=0.27, w3=0.19, w4=0.1",89473482.64,142066894.09
2024-06-28,0.876041,"w1=0.43, w2=0.27, w3=0.19, w4=0.1",89470105.78,143233305.88
2024-06-29,0.870345,"w1=0.43, w2=0.27, w3=0.19, w4=0.1",89434109.06,142301474.09
2024-06-30,0.8588,"w1=0.43, w2=0.27, w3=0.19, w4=0.1",89541378.2,140719061.29
2024-07-01,0.862137,"w1=0.43, w2=0.27, w3=0.19, w4=0.1",89447407.48,141074710.39
2024-07-02,0.870035,"w1=0.43, w2=0.27, w3=0.19, w4=0.1",89361238.49,142138184.65
2024-07-03,0.862932,"w1=0.43, w2=0.27, w3=0.19, w4=0.1",89475138.26,141238737.79
2024-07-04,0.878776,"w1=0.43, w2=0.27, w3=0.19, w4=0.1",89321546.33,143417147.28
2024-07-05,0.924506,"w1=0.43, w2=0.27, w3=0.19, w4=0.1",89145120.45,150410416.05
2024-07-06,0.94962,"w1=0.43, w2=0.27, w3=0.19, w4=0.1",89045778.22,154433559.37
2024-07-07,0.879243,"w1=0.43, w2=0.27, w3=0.19, w4=0.1",89046442.19,143047369.28
2024-07-08,0.876367,"w1=0.43, w2=0.27, w3=0.19, w4=0.1",89013252.87,142551931.76
2024-07-09,0.901116,"w1=0.43, w2=0.27, w3=0.19, w4=0.1",89124658.75,146597712.1
2024-07-10,0.878735,"w1=0.43, w2=0.27, w3=0.19, w4=0.1",89099698.83,143054625.58
2024-07-11,0.878054,"w1=0.43, w2=0.27, w3=0.19, w4=0.1",89076414.1,142912392.71
2024-07-12,0.848261,"w1=0.43, w2=0.27, w3=0.19, w4=0.1",92518029.94,143768454.91
2024-07-13,0.854454,"w1=0.43, w2=0.27, w3=0.19, w4=0.1",92943666.36,145388390.88
2024-07-14,0.835854,"w1=0.43, w2=0.27, w3=0.19, w4=0.1",92859199.63,142404474.45
2024-07-15,0.839391,"w1=0.43, w2=0.27, w3=0.19, w4=0.1",92797880.88,142846773.97
2024-07-16,0.853216,"w1=0.43, w2=0.27, w3=0.19, w4=0.1",92946179.66,145200052.05
2024-07-17,0.857844,"w1=0.43, w2=0.27, w3=0.19, w4=0.1",93026950.39,146047300.41
2024-07-18,0.828292,"w1=0.43, w2=0.27, w3=0.19, w4=0.1",93064894.96,141578703.22
2024-07-19,0.81978,"w1=0.43, w2=0.27, w3=0.19, w4=0.1",93015735.11,140234142.46
2024-07-20,0.82326,"w1=0.43, w2=0.27, w3=0.19, w4=0.1",92955663.19,140660571.04
2024-07-21,0.806192,"w1=0.43, w2=0.27, w3=0.19, w4=0.1",92890190.72,138051173.63
2024-07-22,0.814438,"w1=0.43, w2=0.27, w3=0.19, w4=0.1",93188485.58,139703800.21
2024-07-23,0.812316,"w1=0.43, w2=0.27, w3=0.19, w4=0.1",93171699.85,139366178.99
2024-07-24,0.832175,"w1=0.43, w2=0.27, w3=0.19, w4=0.1",93043967.81,142131252.04
2024-07-25,0.814398,"w1=0.43, w2=0.27, w3=0.19, w4=0.1",93120682.16,139596257.43
2024-07-26,0.838054,"w1=0.43, w2=0.27, w3=0.19, w4=0.1",93165679.13,143209088.96
2024-07-27,0.81684,"w1=0.43, w2=0.27, w3=0.19, w4=0.1",93148779.86,139998977.42
2024-07-28,0.815529,"w1=0.43, w2=0.27, w3=0.19, w4=0.1",93148485.0,139804794.7
2024-07-29,0.809886,"w1=0.43, w2=0.27, w3=0.19, w4=0.1",93228619.02,139094411.84
2024-07-30,0.820783,"w1=0.43, w2=0.27, w3=0.19, w4=0.1",93425277.44,141001089.41
2024-07-31,0.819097,"w1=0.43, w2=0.27, w3=0.19, w4=0.1",93571168.02,140969687.59
2024-08-01,0.849255,"w1=0.43, w2=0.27, w3=0.19, w4=0.1",93684696.02,145735914.16
2024-08-02,0.847617,"w1=0.43, w2=0.27, w3=0.19, w4=0.1",93417993.02,145067240.61
2024-08-03,0.864299,"w1=0.43, w2=0.27, w3=0.19, w4=0.1",93410284.57,147666722.98
2024-08-04,0.864268,"w1=0.43, w2=0.27, w3=0.19, w4=0.1",93350279.19,147566958.52
2024-08-05,0.865831,"w1=0.43, w2=0.27, w3=0.19, w4=0.1",93392725.92,147881765.7
2024-08-06,0.987992,"w1=0.43, w2=0.27, w3=0.19, w4=0.1",93466317.97,169121976.71
2024-08-07,0.883095,"w1=0.43, w2=0.27, w3=0.19, w4=0.1",93544392.86,150898229.95
2024-08-08,0.861979,"w1=0.43, w2=0.27, w3=0.19, w4=0.1",93565620.84,147544892.94
2024-08-09,0.85342,"w1=0.43, w2=0.27, w3=0.19, w4=0.1",93756790.99,146498321.2
2024-08-10,0.845633,"w1=0.43, w2=0.27, w3=0.19, w4=0.1",93760926.39,145292016.89
2024-08-11,0.83192,"w1=0.43, w2=0.27, w3=0.19, w4=0.1",93802967.7,143251891.26
2024-08-12,0.847663,"w1=0.43, w2=0.27, w3=0.19, w4=0.1",93763961.93,145611635.7
2024-08-13,0.86558,"w1=0.43, w2=0.27, w3=0.19, w4=0.1",93727089.06,148371252.06
2024-08-14,0.842357,"w1=0.43, w2=0.27, w3=0.19, w4=0.1",93598316.3,144534576.41
2024-08-15,0.846058,"w1=0.43, w2=0.27, w3=0.19, w4=0.1",93635648.56,145163653.75
2024-08-16,0.858842,"w1=0.43, w2=0.27, w3=0.19, w4=0.1",93595450.05,147096865.6
2024-08-17,0.851804,"w1=0.43, w2=0.27, w3=0.19, w4=0.1",93616514.74,146026773.51
2024-08-18,0.843123,"w1=0.43, w2=0.27, w3=0.19, w4=0.1",93602799.51,144659488.31
2024-08-19,0.836365,"w1=0.43, w2=0.27, w3=0.19, w4=0.1",94643446.01,145219572.5
2024-08-20,0.847532,"w1=0.43, w2=0.27, w3=0.19, w4=0.1",94636174.6,146945608.69
2024-08-21,0.834841,"w1=0.43, w2=0.27, w3=0.19, w4=0.1",94632018.16,144967032.37
2024-08-22,0.848059,"w1=0.43, w2=0.27, w3=0.19, w4=0.1",92140996.58,143151705.52
2024-08-23,0.844546,"w1=0.43, w2=0.27, w3=0.19, w4=0.1",92116210.8,142578055.85
2024-08-24,0.853925,"w1=0.43, w2=0.27, w3=0.19, w4=0.1",92133892.01,144040211.1
2024-08-25,0.843829,"w1=0.43, w2=0.27, w3=0.19, w4=0.1",92119526.8,142474280.25
2024-08-26,0.845127,"w1=0.43, w2=0.27, w3=0.19, w4=0.1",92172616.36,142753741.07
2024-08-27,0.84649,"w1=0.43, w2=0.27, w3=0.19, w4=0.1",92133476.06,142900647.87
2024-08-28,0.878724,"w1=0.43, w2=0.27, w3=0.19, w4=0.1",92170397.75,147983053.84
2024-08-29,0.876114,"w1=0.43, w2=0.27, w3=0.19, w4=0.1",92307798.24,147787797.02
2024-08-30,0.835763,"w1=0.43, w2=0.27, w3=0.19, w4=0.1",96919994.58,148617541.61
2024-08-31,0.830863,"w1=0.43, w2=0.27, w3=0.19, w4=0.1",97025412.98,148006923.85
2024-09-01,0.808272,"w1=0.43, w2=0.27, w3=0.19, w4=0.1",97001934.77,144478124.94
2024-09-02,0.819496,"w1=0.43, w2=0.27, w3=0.19, w4=0.1",96783939.89,145871419.22
2024-09-03,0.822813,"w1=0.43, w2=0.27, w3=0.19, w4=0.1",96746344.69,146327373.14
2024-09-04,0.820132,"w1=0.43, w2=0.27, w3=0.19, w4=0.1",96740198.88,145903594.68
2024-09-05,0.838839,"w1=0.43, w2=0.27, w3=0.19, w4=0.1",96580575.96,148582304.66
2024-09-06,0.834727,"w1=0.43, w2=0.27, w3=0.19, w4=0.1",96505738.28,147819482.05
2024-09-07,0.856379,"w1=0.43, w2=0.27, w3=0.19, w4=0.1",96509530.57,151277447.33
2024-09-08,0.836951,"w1=0.43, w2=0.27, w3=0.19, w4=0.1",96506010.03,148169750.94
2024-09-09,0.840241,"w1=0.43, w2=0.27, w3=0.19, w4=0.1",96449746.37,148602576.05
2024-09-10,0.830386,"w1=0.43, w2=0.27, w3=0.19, w4=0.1",96433178.68,147029060.41
2024-09-11,0.834396,"w1=0.43, w2=0.27, w3=0.19, w4=0.1",96402362.36,147609217.87
2024-09-12,0.837029,"w1=0.43, w2=0.27, w3=0.19, w4=0.1",96551514.37,148251910.94
2024-09-13,0.831692,"w1=0.43, w2=0.27, w3=0.19, w4=0.1",96538989.26,147394546.99
2024-09-14,0.830996,"w1=0.43, w2=0.27, w3=0.19, w4=0.1",96491954.82,147213940.72
2024-09-15,0.826764,"w1=0.43, w2=0.27, w3=0.19, w4=0.1",96486596.71,146546521.33
2024-09-16,0.831203,"w1=0.43, w2=0.27, w3=0.19, w4=0.1",96501088.42,147260224.69
2024-09-17,0.83959,"w1=0.43, w2=0.27, w3=0.19, w4=0.1",96511773.15,148595152.19
2024-09-18,0.851733,"w1=0.43, w2=0.27, w3=0.19, w4=0.1",96431221.88,150405858.22
2024-09-19,0.851273,"w1=0.43, w2=0.27, w3=0.19, w4=0.1",96513438.94,150460148.62
2024-09-20,0.855416,"w1=0.43, w2=0.27, w3=0.19, w4=0.1",96481496.78,151077813.56
2024-09-21,0.855916,"w1=0.43, w2=0.27, w3=0.19, w4=0.1",96486039.19,151165740.96
2024-09-22,0.844498,"w1=0.43, w2=0.27, w3=0.19, w4=0.1",96489241.06,149339019.56
2024-09-23,0.846162,"w1=0.43, w2=0.27, w3=0.19, w4=0.1",96600230.7,149776264.46
2024-09-24,0.851132,"w1=0.43, w2=0.27, w3=0.19, w4=0.1",96571923.69,150528653.53
2024-09-25,0.852733,"w1=0.43, w2=0.27, w3=0.19, w4=0.1",96553128.98,150756977.94
2024-09-26,0.848717,"w1=0.43, w2=0.27, w3=0.19, w4=0.1",96571826.14,150140897.07
2024-09-27,0.853763,"w1=0.43, w2=0.27, w3=0.19, w4=0.1",96485931.78,150817981.33
2024-09-28,0.892954,"w1=0.43, w2=0.27, w3=0.19, w4=0.1",96473587.16,157289290.55
2024-09-29,0.872825,"w1=0.43, w2=0.27, w3=0.19, w4=0.1",96423332.19,153831710.24
2024-09-30,0.886176,"w1=0.43, w2=0.27, w3=0.19, w4=0.1",96085507.81,155513449.32
2024-10-01,0.903055,"w1=0.43, w2=0.27, w3=0.19, w4=0.1",96078504.58,158368503.16
2024-10-02,0.92011,"w1=0.43, w2=0.27, w3=0.19, w4=0.1",96022857.39,161239816.9
2024-10-03,0.905977,"w1=0.43, w2=0.27, w3=0.19, w4=0.1",95990050.24,158725253.65
2024-10-04,0.909466,"w1=0.43, w2=0.27, w3=0.19, w4=0.1",96014791.16,159369044.48
2024-10-05,0.894388,"w1=0.43, w2=0.27, w3=0.19, w4=0.1",95738246.34,156332738.69
2024-10-06,0.883528,"w1=0.43, w2=0.27, w3=0.19, w4=0.1",95716910.94,154474881.93
2024-10-07,0.879487,"w1=0.43, w2=0.27, w3=0.19, w4=0.1",95770622.34,153889775.1
2024-10-08,0.895938,"w1=0.43, w2=0.27, w3=0.19, w4=0.1",95682096.58,156503377.28
2024-10-09,0.86135,"w1=0.43, w2=0.27, w3=0.19, w4=0.1",99118293.62,156195673.1
2024-10-10,0.863127,"w1=0.43, w2=0.27, w3=0.19, w4=0.1",100267291.4,158307507.45
2024-10-11,0.858332,"w1=0.43, w2=0.27, w3=0.19, w4=0.1",99681618.43,156576530.32
2024-10-12,0.855329,"w1=0.43, w2=0.27, w3=0.19, w4=0.1",100498371.7,157353090.75
2024-10-13,0.84167,"w1=0.43, w2=0.27, w3=0.19, w4=0.1",100379230.6,154892300.57
2024-10-14,0.841388,"w1=0.43, w2=0.27, w3=0.19, w4=0.1",100416737.0,154903654.03
2024-10-15,0.847861,"w1=0.43, w2=0.27, w3=0.19, w4=0.1",100286017.3,155773026.38
2024-10-16,0.853996,"w1=0.43, w2=0.27, w3=0.19, w4=0.1",100215734.4,156687086.76
2024-10-17,0.849982,"w1=0.43, w2=0.27, w3=0.19, w4=0.1",100123192.5,155872561.83
2024-10-18,0.843798,"w1=0.43, w2=0.27, w3=0.19, w4=0.1",100045105.5,154727060.07
2024-10-19,0.839406,"w1=0.43, w2=0.27, w3=0.19, w4=0.1",100014220.1,153957575.32
2024-10-20,0.830436,"w1=0.43, w2=0.27, w3=0.19, w4=0.1",99910455.15,152338852.04
2024-10-21,0.846238,"w1=0.43, w2=0.27, w3=0.19, w4=0.1",99597610.78,154436143.73
2024-10-22,0.826473,"w1=0.43, w2=0.27, w3=0.19, w4=0.1",103099325.5,156541830.44
2024-10-23,0.819599,"w1=0.43, w2=0.27, w3=0.19, w4=0.1",104038775.9,156822887.82
2024-10-24,0.843935,"w1=0.43, w2=0.27, w3=0.19, w4=0.1",104069060.1,160973898.12
2024-10-25,0.837117,"w1=0.43, w2=0.27, w3=0.19, w4=0.1",104015724.2,159727923.58
2024-10-26,0.864012,"w1=0.43, w2=0.27, w3=0.19, w4=0.1",104125044.0,164554395.36
2024-10-27,0.850358,"w1=0.43, w2=0.27, w3=0.19, w4=0.1",104192399.7,162272666.71
2024-10-28,0.823996,"w1=0.43, w2=0.27, w3=0.19, w4=0.1",104209804.2,157813280.47
2024-10-29,0.843681,"w1=0.43, w2=0.27, w3=0.19, w4=0.1",103977222.3,160788318.97
2024-10-30,0.876476,"w1=0.43, w2=0.27, w3=0.19, w4=0.1",104020752.0,166605514.9
2024-10-31,0.868292,"w1=0.43, w2=0.27, w3=0.19, w4=0.1",104355322.8,165677394.99
2024-11-01,0.867564,"w1=0.43, w2=0.27, w3=0.19, w4=0.1",104495267.2,165769970.85
2024-11-02,0.880932,"w1=0.43, w2=0.27, w3=0.19, w4=0.1",104336123.9,167914557.5
2024-11-03,0.88176,"w1=0.43, w2=0.27, w3=0.19, w4=0.1",104532690.5,168381113.89
2024-11-04,0.887839,"w1=0.43, w2=0.27, w3=0.19, w4=0.1",104349368.0,169191943.34
2024-11-05,0.884982,"w1=0.43, w2=0.27, w3=0.19, w4=0.1",105595617.9,170685380.37
2024-11-06,0.867812,"w1=0.43, w2=0.27, w3=0.19, w4=0.1",105627446.7,167610660.43
2024-11-07,0.900954,"w1=0.43, w2=0.27, w3=0.19, w4=0.1",105666767.9,173776664.83
2024-11-08,0.883832,"w1=0.43, w2=0.27, w3=0.19, w4=0.1",106307039.9,171622265.02
2024-11-09,0.863124,"w1=0.43, w2=0.27, w3=0.19, w4=0.1",106311596.8,167850049.05
2024-11-10,0.878408,"w1=0.43, w2=0.27, w3=0.19, w4=0.1",106194359.2,170441038.37
2024-11-11,0.959281,"w1=0.43, w2=0.27, w3=0.19, w4=0.1",105929217.4,185678973.58
2024-11-12,0.933429,"w1=0.43, w2=0.27, w3=0.19, w4=0.1",105961244.9,180535586.28
2024-11-13,0.964025,"w1=0.43, w2=0.27, w3=0.19, w4=0.1",105971139.5,186726959.87
2024-11-14,0.942366,"w1=0.43, w2=0.27, w3=0.19, w4=0.1",106015541.5,182405577.27
2024-11-15,0.902948,"w1=0.43, w2=0.27, w3=0.19, w4=0.1",105907309.6,174549296.38
2024-11-16,0.865437,"w1=0.43, w2=0.27, w3=0.19, w4=0.1",105267288.5,166613983.51
2024-11-17,0.875003,"w1=0.43, w2=0.27, w3=0.19, w4=0.1",105243116.7,168296355.78
2024-11-18,0.884272,"w1=0.43, w2=0.27, w3=0.19, w4=0.1",105202049.0,169918998.46
2024-11-19,0.868411,"w1=0.43, w2=0.27, w3=0.19, w4=0.1",105156734.4,166971069.97
2024-11-20,0.843816,"w1=0.43, w2=0.27, w3=0.19, w4=0.1",105123083.3,162583641.89
2024-11-21,0.864123,"w1=0.43, w2=0.27, w3=0.19, w4=0.1",104486181.4,165144774.68
2024-11-22,0.957419,"w1=0.43, w2=0.27, w3=0.19, w4=0.1",104598570.3,182970716.93
2024-11-23,0.933478,"w1=0.43, w2=0.27, w3=0.19, w4=0.1",104491399.5,178040826.93
2024-11-24,0.90395,"w1=0.43, w2=0.27, w3=0.19, w4=0.1",104610277.8,172599149.07
2024-11-25,0.865269,"w1=0.43, w2=0.27, w3=0.19, w4=0.1",104476420.7,165332423.81
2024-11-26,0.905899,"w1=0.43, w2=0.27, w3=0.19, w4=0.1",104333549.2,172507115.34
2024-11-27,0.86391,"w1=0.43, w2=0.27, w3=0.19, w4=0.1",104240738.0,164719216.96
2024-11-28,0.848331,"w1=0.43, w2=0.27, w3=0.19, w4=0.1",103760796.7,161251204.09
2024-11-29,0.850296,"w1=0.43, w2=0.27, w3=0.19, w4=0.1",103690143.2,161479745.61
2024-11-30,0.799378,"w1=0.43, w2=0.27, w3=0.19, w4=0.1",104105543.4,153614313.69
2024-12-01,0.897345,"w1=0.43, w2=0.27, w3=0.19, w4=0.1",104721724.31083363,171550287.75
2024-12-02,0.984184,"w1=0.43, w2=0.27, w3=0.19, w4=0.1",104637488.60750312,188536750.99
2024-12-03,0.986184,"w1=0.43, w2=0.27, w3=0.19, w4=0.1",104624335.69349736,188932026.52
2024-12-04,0.958404,"w1=0.43, w2=0.27, w3=0.19, w4=0.1",104675042.1636807,183303320.94
2024-12-05,0.938659,"w1=0.43, w2=0.27, w3=0.19, w4=0.1",104781360.70288068,179550773.3
2024-12-06,0.937389,"w1=0.43, w2=0.27, w3=0.19, w4=0.1",104934570.24650478,179563252.45
2024-12-07,0.919813,"w1=0.43, w2=0.27, w3=0.19, w4=0.1",105126454.04385924,176469263.65
2024-12-08,0.893369,"w1=0.43, w2=0.27, w3=0.19, w4=0.1",105349472.85686173,171837539.27
2024-12-09,0.884379,"w1=0.43, w2=0.27, w3=0.19, w4=0.1",105596938.1587541,170576500.26
2024-12-10,0.850135,"w1=0.43, w2=0.27, w3=0.19, w4=0.1",105862981.56962362,164835233.74
2024-12-11,0.872482,"w1=0.43, w2=0.27, w3=0.19, w4=0.1",106142412.22216906,169274890.65
2024-12-12,0.910791,"w1=0.43, w2=0.27, w3=0.19, w4=0.1",106430696.3853814,176912397.36
2024-12-13,0.950458,"w1=0.43, w2=0.27, w3=0.19, w4=0.1",106723860.67702812,185263560.55
2024-12-14,0.949956,"w1=0.43, w2=0.27, w3=0.19, w4=0.1",107018502.2518126,185672523.29
2024-12-15,0.921952,"w1=0.43, w2=0.27, w3=0.19, w4=0.1",107311697.10793802,180558146.48
2024-12-16,0.909405,"w1=0.43, w2=0.27, w3=0.19, w4=0.1",107600979.71078832,178588405.7
2024-12-17,0.9084,"w1=0.43, w2=0.27, w3=0.19, w4=0.1",107884312.4284493,178863217.08
2024-12-18,0.905867,"w1=0.43, w2=0.27, w3=0.19, w4=0.1",108160044.77907056,178827704.3
2024-12-19,0.901763,"w1=0.43, w2=0.27, w3=0.19, w4=0.1",108426893.0545462,178472375.3
2024-12-20,0.883322,"w1=0.43, w2=0.27, w3=0.19, w4=0.1",108683848.62707868,175362898.46
2024-12-21,0.866985,"w1=0.43, w2=0.27, w3=0.19, w4=0.1",108930249.2662959,172698214.48
2024-12-22,0.863209,"w1=0.43, w2=0.27, w3=0.19, w4=0.1",109165595.75237893,172371790.17
2024-12-23,0.911575,"w1=0.43, w2=0.27, w3=0.19, w4=0.1",109389643.56949806,181985930.4
2024-12-24,0.93624,"w1=0.43, w2=0.27, w3=0.19, w4=0.1",109602290.83605756,187314718.36
2024-12-25,0.94105,"w1=0.43, w2=0.27, w3=0.19, w4=0.1",109803619.05733408,188650656.84
2024-12-26,0.932629,"w1=0.43, w2=0.27, w3=0.19, w4=0.1",109993770.86756147,187242180.47
2024-12-27,0.921901,"w1=0.43, w2=0.27, w3=0.19, w4=0.1",110173000.97072914,185362144.19
2024-12-28,0.918336,"w1=0.43, w2=0.27, w3=0.19, w4=0.1",110341676.14058156,184925811.96
2024-12-29,0.908214,"w1=0.43, w2=0.27, w3=0.19, w4=0.1",110500142.77454412,183163027.84
2024-12-30,0.889639,"w1=0.43, w2=0.27, w3=0.19, w4=0.1",110648838.9634784,179755084.21
2024-12-31,0.874637,"w1=0.43, w2=0.27, w3=0.19, w4=0.1",109009289.00824532,174250295.73
2025-01-01,0.896015,"w1=0.43, w2=0.27, w3=0.19, w4=0.1",108992040.45409216,178288781.09
2025-01-02,0.921537,"w1=0.43, w2=0.27, w3=0.19, w4=0.1",108844098.18896613,183053623.41
2025-01-03,0.977243,"w1=0.43, w2=0.27, w3=0.19, w4=0.1",108661169.78387427,194285765.13
2025-01-04,1.013167,"w1=0.43, w2=0.27, w3=0.19, w4=0.1",108481460.83720684,201876755.55
2025-01-05,1.000195,"w1=0.43, w2=0.27, w3=0.19, w4=0.1",108327028.71443424,198691139.8
2025-01-06,0.977803,"w1=0.43, w2=0.27, w3=0.19, w4=0.1",108208234.77383997,193595976.95
2025-01-07,0.966852,"w1=0.43, w2=0.27, w3=0.19, w4=0.1",108128023.39353988,191123140.4
2025-01-08,0.963214,"w1=0.43, w2=0.27, w3=0.19, w4=0.1",108085110.86542812,190281515.56
2025-01-09,0.95005,"w1=0.43, w2=0.27, w3=0.19, w4=0.1",108075768.3231018,187526213.99
2025-01-10,0.945734,"w1=0.43, w2=0.27, w3=0.19, w4=0.1",108095248.08420096,186672637.96
2025-01-11,0.923164,"w1=0.43, w2=0.27, w3=0.19, w4=0.1",108138435.69262113,182189922.2
2025-01-12,0.905016,"w1=0.43, w2=0.27, w3=0.19, w4=0.1",108200461.20808752,178729336.25
2025-01-13,0.952167,"w1=0.43, w2=0.27, w3=0.19, w4=0.1",108276801.08775072,188312957.92
2025-01-14,0.998196,"w1=0.43, w2=0.27, w3=0.19, w4=0.1",108363522.70201647,198315893.68
2025-01-15,0.998419,"w1=0.43, w2=0.27, w3=0.19, w4=0.1",108457253.77006686,198536741.08
2025-01-16,0.98173,"w1=0.43, w2=0.27, w3=0.19, w4=0.1",108555172.1717008,195063904.93
2025-01-17,0.971932,"w1=0.43, w2=0.27, w3=0.19, w4=0.1",108654955.00653616,193135942.33
2025-01-18,0.975051,"w1=0.43, w2=0.27, w3=0.19, w4=0.1",108754778.59400985,193981716.8
2025-01-19,0.970843,"w1=0.43, w2=0.27, w3=0.19, w4=0.1",108853186.02730316,193255416.1
2025-01-20,0.960653,"w1=0.43, w2=0.27, w3=0.19, w4=0.1",108949066.79702295,191261424.33
2025-01-21,0.944938,"w1=0.43, w2=0.27, w3=0.19, w4=0.1",109041626.22672272,188142452.98
2025-01-22,0.926981,"w1=0.43, w2=0.27, w3=0.19, w4=0.1",109130263.21498775,184628719.06
2025-01-23,0.913122,"w1=0.43, w2=0.27, w3=0.19, w4=0.1",109214600.79991396,182000726.93
2025-01-24,0.965856,"w1=0.43, w2=0.27, w3=0.19, w4=0.1",109294425.03015035,192972446.53
2025-01-25,1.013413,"w1=0.43, w2=0.27, w3=0.19, w4=0.1",109369623.83594164,203585565.0
2025-01-26,1.015119,"w1=0.43, w2=0.27, w3=0.19, w4=0.1",109440207.4054474,204106065.59
2025-01-27,0.99998,"w1=0.43, w2=0.27, w3=0.19, w4=0.1",109506206.30314636,200805843.36
2025-01-28,0.986535,"w1=0.43, w2=0.27, w3=0.19, w4=0.1",109567793.7277512,197936118.28
2025-01-29,0.982546,"w1=0.43, w2=0.27, w3=0.19, w4=0.1",109625112.31349592,197164853.69
2025-01-30,0.952317,"w1=0.43, w2=0.27, w3=0.19, w4=0.1",111651985.53112808,194215061.01
2025-01-31,0.935591,"w1=0.43, w2=0.27, w3=0.19, w4=0.1",111856237.75420135,191030985.26
2025-02-01,0.959164,"w1=0.43, w2=0.27, w3=0.19, w4=0.1",112142280.52230816,196544248.24
2025-02-02,0.930666,"w1=0.43, w2=0.27, w3=0.19, w4=0.1",112395028.38493793,190919471.62
2025-02-03,0.949092,"w1=0.43, w2=0.27, w3=0.19, w4=0.1",112679379.918556,195308314.37
2025-02-04,1.01148,"w1=0.43, w2=0.27, w3=0.19, w4=0.1",112996781.8418214,209883243.87
2025-02-05,1.034253,"w1=0.43, w2=0.27, w3=0.19, w4=0.1",113344524.10428832,215972956.91
2025-02-06,1.023405,"w1=0.43, w2=0.27, w3=0.19, w4=0.1",113716677.19708665,214059016.89
2025-02-07,1.000511,"w1=0.43, w2=0.27, w3=0.19, w4=0.1",114106129.78483598,209364765.96
2025-02-08,0.991932,"w1=0.43, w2=0.27, w3=0.19, w4=0.1",114505831.66111344,208101077.67
2025-02-09,0.994701,"w1=0.43, w2=0.27, w3=0.19, w4=0.1",114909323.53275122,209478647.0
2025-02-10,0.983712,"w1=0.43, w2=0.27, w3=0.19, w4=0.1",115310900.03038968,207659405.72
2025-02-11,0.970036,"w1=0.43, w2=0.27, w3=0.19, w4=0.1",115705854.2243072,205238280.14
2025-02-12,0.951826,"w1=0.43, w2=0.27, w3=0.19, w4=0.1",116090314.61386693,201826349.96
2025-02-13,0.929197,"w1=0.43, w2=0.27, w3=0.19, w4=0.1",116461285.88015504,197509154.36
2025-02-14,0.934927,"w1=0.43, w2=0.27, w3=0.19, w4=0.1",116816526.62806596,199357306.27
2025-02-15,0.994676,"w1=0.43, w2=0.27, w3=0.19, w4=0.1",117154447.50470676,213565545.82
2025-02-16,1.01639,"w1=0.43, w2=0.27, w3=0.19, w4=0.1",117474050.07043944,219401003.47
2025-02-17,1.005878,"w1=0.43, w2=0.27, w3=0.19, w4=0.1",117774784.16464718,217393529.93
2025-02-18,0.988139,"w1=0.43, w2=0.27, w3=0.19, w4=0.1",118056507.153096,213651409.26
2025-02-19,0.985713,"w1=0.43, w2=0.27, w3=0.19, w4=0.1",118319443.17529649,213551133.48
2025-02-20,0.984133,"w1=0.43, w2=0.27, w3=0.19, w4=0.1",118564020.13395056,213617608.25
2025-02-21,0.971945,"w1=0.43, w2=0.27, w3=0.19, w4=0.1",118790828.94231334,211155658.6
2025-02-22,0.954285,"w1=0.43, w2=0.27, w3=0.19, w4=0.1",119000684.6531505,207446663.72
2025-02-23,0.938569,"w1=0.43, w2=0.27, w3=0.19, w4=0.1",119194402.31922768,204228463.37
2025-02-24,0.914742,"w1=0.43, w2=0.27, w3=0.19, w4=0.1",119372898.87490624,199280044.07
2025-02-25,0.919828,"w1=0.43, w2=0.27, w3=0.19, w4=0.1",119537193.13614324,200662959.45
2025-02-26,0.98216,"w1=0.43, w2=0.27, w3=0.19, w4=0.1",119688140.90834264,215171441.38
2025-02-27,1.007517,"w1=0.43, w2=0.27, w3=0.19, w4=0.1",119826720.25482322,221586143.57
2025-02-28,0.998921,"w1=0.43, w2=0.27, w3=0.19, w4=0.1",119953848.10994634,219704696.6
2025-03-01,1.023601,"w1=0.43, w2=0.27, w3=0.19, w4=0.1",119642569.27058291,225263348.55
2025-03-02,1.018587,"w1=0.43, w2=0.27, w3=0.19, w4=0.1",119658157.15472607,224030487.93
2025-03-03,1.0156,"w1=0.43, w2=0.27, w3=0.19, w4=0.1",119669303.00129645,223303480.15
2025-03-04,1.003189,"w1=0.43, w2=0.27, w3=0.19, w4=0.1",119697931.72969007,220281479.32
2025-03-05,0.98797,"w1=0.43, w2=0.27, w3=0.19, w4=0.1",119755077.1167221,216684692.88
2025-03-06,0.97333,"w1=0.43, w2=0.27, w3=0.19, w4=0.1",119843439.02467872,213353368.25
2025-03-07,0.946732,"w1=0.43, w2=0.27, w3=0.19, w4=0.1",119961051.13876282,207391211.89
2025-03-08,0.95343,"w1=0.43, w2=0.27, w3=0.19, w4=0.1",120103736.31355038,209172617.57
2025-03-09,1.01251,"w1=0.43, w2=0.27, w3=0.19, w4=0.1",120266369.90477738,223643332.25
2025-03-10,1.042084,"w1=0.43, w2=0.27, w3=0.19, w4=0.1",120443674.44578616,231531588.31
2025-03-11,1.03131,"w1=0.43, w2=0.27, w3=0.19, w4=0.1",120630708.67918496,229097455.66
2025-03-12,1.008653,"w1=0.43, w2=0.27, w3=0.19, w4=0.1",120823081.5081988,223712265.46
2025-03-13,0.994161,"w1=0.43, w2=0.27, w3=0.19, w4=0.1",121017094.63090353,220480533.38
2025-03-14,0.993843,"w1=0.43, w2=0.27, w3=0.19, w4=0.1",121209620.28231092,220753174.84
2025-03-15,0.97994,"w1=0.43, w2=0.27, w3=0.19, w4=0.1",121398223.49228364,217709213.03
2025-03-16,0.960637,"w1=0.43, w2=0.27, w3=0.19, w4=0.1",121580958.3223436,213433099.4
2025-03-17,0.939146,"w1=0.43, w2=0.27, w3=0.19, w4=0.1",121756428.99462964,208750228.85
2025-03-18,0.911774,"w1=0.43, w2=0.27, w3=0.19, w4=0.1",121923637.06950387,202881994.77
2025-03-19,0.956064,"w1=0.43, w2=0.27, w3=0.19, w4=0.1",122081930.50475375,213235268.25
2025-03-20,1.022593,"w1=0.43, w2=0.27, w3=0.19, w4=0.1",122230942.52663472,229876822.19
2025-03-21,1.029086,"w1=0.43, w2=0.27, w3=0.19, w4=0.1",122370561.06539153,231821942.62
2025-03-22,1.012616,"w1=0.43, w2=0.27, w3=0.19, w4=0.1",122500806.49734329,227825414.94
2025-03-23,0.987204,"w1=0.43, w2=0.27, w3=0.19, w4=0.1",122621882.5856814,221683192.91
2025-03-24,0.98813,"w1=0.43, w2=0.27, w3=0.19, w4=0.1",122734094.97519302,222114399.42
2025-03-25,0.972053,"w1=0.43, w2=0.27, w3=0.19, w4=0.1",122837779.87514398,218375368.06
2025-03-26,0.954666,"w1=0.43, w2=0.27, w3=0.19, w4=0.1",122933405.9408745,214392236.17
2025-03-27,0.93475,"w1=0.43, w2=0.27, w3=0.19, w4=0.1",123021360.3224483,209905702.5
2025-03-28,0.908242,"w1=0.43, w2=0.27, w3=0.19, w4=0.1",123102152.42784391,204058097.47
2025-03-29,0.920963,"w1=0.43, w2=0.27, w3=0.19, w4=0.1",123176230.53608242,207027718.44
2025-03-30,0.977987,"w1=0.43, w2=0.27, w3=0.19, w4=0.1",123244063.3025041,220541616.47
2025-03-31,0.999939,"w1=0.43, w2=0.27, w3=0.19, w4=0.1",124857429.68764047,228945525.58
2025-04-01,1.028349,"w1=0.43, w2=0.27, w3=0.19, w4=0.1",125025086.04153582,236654845.77
2025-04-02,1.006354,"w1=0.43, w2=0.27, w3=0.19, w4=0.1",125209247.21393567,231239192.39
2025-04-03,0.99309,"w1=0.43, w2=0.27, w3=0.19, w4=0.1",125450747.34839942,228286018.72
2025-04-04,0.991963,"w1=0.43, w2=0.27, w3=0.19, w4=0.1",125743809.75845043,228532678.41
2025-04-05,0.976246,"w1=0.43, w2=0.27, w3=0.19, w4=0.1",126079244.72415596,225180437.89
2025-04-06,0.958467,"w1=0.43, w2=0.27, w3=0.19, w4=0.1",126446212.0437328,221443615.66
2025-04-07,0.943893,"w1=0.43, w2=0.27, w3=0.19, w4=0.1",126834116.0312274,218591051.3
2025-04-08,0.923722,"w1=0.43, w2=0.27, w3=0.19, w4=0.1",127233420.5692816,214491416.16
2025-04-09,0.932161,"w1=0.43, w2=0.27, w3=0.19, w4=0.1",127636036.25919628,217163357.85
2025-04-10,0.999159,"w1=0.43, w2=0.27, w3=0.19, w4=0.1",128035350.98541006,234568780.39
2025-04-11,1.012352,"w1=0.43, w2=0.27, w3=0.19, w4=0.1",128426026.1523079,238774574.48
2025-04-12,0.991833,"w1=0.43, w2=0.27, w3=0.19, w4=0.1",128804027.24869978,234060622.06
2025-04-13,0.967451,"w1=0.43, w2=0.27, w3=0.19, w4=0.1",129166277.45039538,228460706.53
2025-04-14,0.960793,"w1=0.43, w2=0.27, w3=0.19, w4=0.1",129510565.92676784,227392490.1
2025-04-15,0.960688,"w1=0.43, w2=0.27, w3=0.19, w4=0.1",129835435.77099857,227936498.27
2025-04-16,0.947174,"w1=0.43, w2=0.27, w3=0.19, w4=0.1",130140051.55400272,225098151.31
2025-04-17,0.935691,"w1=0.43, w2=0.27, w3=0.19, w4=0.1",130423985.3730784,222765858.5
2025-04-18,0.919816,"w1=0.43, w2=0.27, w3=0.19, w4=0.1",130687288.16902342,219377369.31
2025-04-19,0.903247,"w1=0.43, w2=0.27, w3=0.19, w4=0.1",130930296.15110362,215860504.18
2025-04-20,0.938871,"w1=0.43, w2=0.27, w3=0.19, w4=0.1",131153600.23257408,224793821.72
2025-04-21,0.988812,"w1=0.43, w2=0.27, w3=0.19, w4=0.1",131357944.1490835,237901345.86
2025-04-22,0.987279,"w1=0.43, w2=0.27, w3=0.19, w4=0.1",131544234.64683364,237833366.22
2025-04-23,0.974402,"w1=0.43, w2=0.27, w3=0.19, w4=0.1",131713480.353622,234763558.82
2025-04-24,0.957808,"w1=0.43, w2=0.27, w3=0.19, w4=0.1",131866730.64988436,230768863.54
2025-04-25,0.957709,"w1=0.43, w2=0.27, w3=0.19, w4=0.1",132005065.48053528,230985754.82
2025-04-26,0.942411,"w1=0.43, w2=0.27, w3=0.19, w4=0.1",132129564.79048914,227347416.2
2025-04-27,0.928788,"w1=0.43, w2=0.27, w3=0.19, w4=0.1",132241298.33650094,224170579.09
2025-04-28,0.912372,"w1=0.43, w2=0.27, w3=0.19, w4=0.1",132341295.12268732,220360350.33
2025-04-29,0.88426,"w1=0.43, w2=0.27, w3=0.19, w4=0.1",132430594.34132443,213894908.51
2025-04-30,0.888262,"w1=0.43, w2=0.27, w3=0.19, w4=0.1",133411021.31313148,216411319.72
2025-05-01,0.962511,"w1=0.43, w2=0.27, w3=0.19, w4=0.1",133545392.94970934,234921507.33
2025-05-02,0.986656,"w1=0.43, w2=0.27, w3=0.19, w4=0.1",133679734.02180852,241527206.7
2025-05-03,0.980668,"w1=0.43, w2=0.27, w3=0.19, w4=0.1",133850874.72627702,240234947.38
2025-05-04,0.959432,"w1=0.43, w2=0.27, w3=0.19, w4=0.1",134054536.0360952,235017803.46
2025-05-05,0.94845,"w1=0.43, w2=0.27, w3=0.19, w4=0.1",134285613.6833181,232594443.07
2025-05-06,0.955329,"w1=0.43, w2=0.27, w3=0.19, w4=0.1",134537291.78919297,234800397.85
2025-05-07,0.941431,"w1=0.43, w2=0.27, w3=0.19, w4=0.1",134802815.6039244,231697904.4
2025-05-08,0.931603,"w1=0.43, w2=0.27, w3=0.19, w4=0.1",135075888.84489772,229681487.05
2025-05-09,0.922254,"w1=0.43, w2=0.27, w3=0.19, w4=0.1",135351183.1046574,227811240.66
2025-05-10,0.911461,"w1=0.43, w2=0.27, w3=0.19, w4=0.1",135624205.40483287,225603052.43
2025-05-11,0.908122,"w1=0.43, w2=0.27, w3=0.19, w4=0.1",135891369.51325518,225228550.43
2025-05-12,0.945529,"w1=0.43, w2=0.27, w3=0.19, w4=0.1",136149863.49788284,235067997.78
2025-05-13,0.970095,"w1=0.43, w2=0.27, w3=0.19, w4=0.1",136397527.46888682,241956814.71
2025-05-14,0.971128,"w1=0.43, w2=0.27, w3=0.19, w4=0.1",136632863.7668103,242651269.83
2025-05-15,0.959334,"w1=0.43, w2=0.27, w3=0.19, w4=0.1",136854761.88226002,239901104.75
2025-05-16,0.951338,"w1=0.43, w2=0.27, w3=0.19, w4=0.1",137062641.09014046,238159473.62
2025-05-17,0.947753,"w1=0.43, w2=0.27, w3=0.19, w4=0.1",137256246.68646234,237557823.71
2025-05-18,0.936405,"w1=0.43, w2=0.27, w3=0.19, w4=0.1",137435537.91858742,234925306.25
2025-05-19,0.926426,"w1=0.43, w2=0.27, w3=0.19, w4=0.1",137600779.6786645,232654619.05
2025-05-20,0.908582,"w1=0.43, w2=0.27, w3=0.19, w4=0.1",137752348.92859772,228427104.52
2025-05-21,0.888612,"w1=0.43, w2=0.27, w3=0.19, w4=0.1",137890836.58164215,223762784.65
2025-05-22,0.902119,"w1=0.43, w2=0.27, w3=0.19, w4=0.1",138016843.7392125,227265624.13
2025-05-23,0.952278,"w1=0.43, w2=0.27, w3=0.19, w4=0.1",138131103.94879785,240264332.51
2025-05-24,0.975007,"w1=0.43, w2=0.27, w3=0.19, w4=0.1",138234330.3815681,246551250.45
2025-05-25,0.970761,"w1=0.43, w2=0.27, w3=0.19, w4=0.1",138327297.3376507,245560802.08
2025-05-26,0.950241,"w1=0.43, w2=0.27, w3=0.19, w4=0.1",138410789.30533254,240212056.57
2025-05-27,0.943511,"w1=0.43, w2=0.27, w3=0.19, w4=0.1",138485509.267624,238571492.61
2025-05-28,0.942204,"w1=0.43, w2=0.27, w3=0.19, w4=0.1",138552211.14833334,238344345.46
2025-05-29,0.93074,"w1=0.43, w2=0.27, w3=0.19, w4=0.1",138611618.30679005,235471255.25
2025-05-30,0.917963,"w1=0.43, w2=0.27, w3=0.19, w4=0.1",139687579.65089148,234012602.65
2025-05-31,0.904799,"w1=0.43, w2=0.27, w3=0.19, w4=0.1",139807881.43910223,230885199.68
2025-06-01,0.906551,"w1=0.43, w2=0.27, w3=0.19, w4=0.1",139962609.01850235,231580785.76
2025-06-02,0.919518,"w1=0.43, w2=0.27, w3=0.19, w4=0.1",140117876.57035974,235131573.67
2025-06-03,0.982305,"w1=0.43, w2=0.27, w3=0.19, w4=0.1",140302424.89282328,252271698.54
2025-06-04,1.007139,"w1=0.43, w2=0.27, w3=0.19, w4=0.1",140512820.5761177,259729682.18
2025-06-05,0.994303,"w1=0.43, w2=0.27, w3=0.19, w4=0.1",140745263.43672305,256463719.78
2025-06-06,0.971394,"w1=0.43, w2=0.27, w3=0.19, w4=0.1",140994679.7711732,250471245.85
2025-06-07,0.964411,"w1=0.43, w2=0.27, w3=0.19, w4=0.1",141255893.99440625,249006698.98
2025-06-08,0.962795,"w1=0.43, w2=0.27, w3=0.19, w4=0.1",141524046.3543069,249034882.81
2025-06-09,0.941744,"w1=0.43, w2=0.27, w3=0.19, w4=0.1",141794796.6948981,243799346.54
2025-06-10,0.926081,"w1=0.43, w2=0.27, w3=0.19, w4=0.1",142064497.65505353,240111362.23
2025-06-11,0.903237,"w1=0.43, w2=0.27, w3=0.19, w4=0.1",142330102.9750615,234652447.75
2025-06-12,0.887105,"w1=0.43, w2=0.27, w3=0.19, w4=0.1",142589167.49662513,231010736.27
2025-06-13,0.935887,"w1=0.43, w2=0.27, w3=0.19, w4=0.1",142839724.9049472,244024472.92
2025-06-14,0.986374,"w1=0.43, w2=0.27, w3=0.19, w4=0.1",143080348.85768783,258430924.75
2025-06-15,0.974762,"w1=0.43, w2=0.27, w3=0.19, w4=0.1",143309979.78625172,255534738.43
2025-06-16,0.953798,"w1=0.43, w2=0.27, w3=0.19, w4=0.1",143527884.1431497,250069360.9
2025-06-17,0.93078,"w1=0.43, w2=0.27, w3=0.19, w4=0.1",143733654.40199903,244183170.75
2025-06-18,0.938315,"w1=0.43, w2=0.27, w3=0.19, w4=0.1",143927086.7996082,246536971.09
2025-06-19,0.9177,"w1=0.43, w2=0.27, w3=0.19, w4=0.1",144108222.0886156,241349150.57
2025-06-20,0.903164,"w1=0.43, w2=0.27, w3=0.19, w4=0.1",144277213.0914147,237843712.96
2025-06-21,0.885039,"w1=0.43, w2=0.27, w3=0.19, w4=0.1",144434345.0764735,233478888.28
2025-06-22,0.855437,"w1=0.43, w2=0.27, w3=0.19, w4=0.1",144580035.75833443,226399122.79
2025-06-23,0.872605,"w1=0.43, w2=0.27, w3=0.19, w4=0.1",144714733.41601858,230820173.63
2025-06-24,0.93585,"w1=0.43, w2=0.27, w3=0.19, w4=0.1",144838937.2693449,247429860.86
2025-06-25,0.959129,"w1=0.43, w2=0.27, w3=0.19, w4=0.1",144953217.85524938,254039975.42
2025-06-26,0.949414,"w1=0.43, w2=0.27, w3=0.19, w4=0.1",145058145.71066794,251519766.61
2025-06-27,0.927731,"w1=0.43, w2=0.27, w3=0.19, w4=0.1",145154270.99621746,245776133.88
2025-06-28,0.916444,"w1=0.43, w2=0.27, w3=0.19, w4=0.1",145242174.4369934,242915710.42
2025-06-29,0.919299,"w1=0.43, w2=0.27, w3=0.19, w4=0.1",144376914.4209735,242220831.85
2025-06-30,0.904134,"w1=0.43, w2=0.27, w3=0.19, w4=0.1",144385329.8407789,238272585.5
2025-07-01,0.918254,"w1=0.43, w2=0.27, w3=0.19, w4=0.1",144349915.79811117,241899899.77
2025-07-02,0.903839,"w1=0.43, w2=0.27, w3=0.19, w4=0.1",144279586.93259466,238021877.6
2025-07-03,0.884954,"w1=0.43, w2=0.27, w3=0.19, w4=0.1",144213343.519066,233100257.32
2025-07-04,0.920582,"w1=0.43, w2=0.27, w3=0.19, w4=0.1",144162728.7423188,242200009.54
2025-07-05,0.988666,"w1=0.43, w2=0.27, w3=0.19, w4=0.1",144134008.32048902,260997633.9
2025-07-06,0.994875,"w1=0.43, w2=0.27, w3=0.19, w4=0.1",144128863.2999058,262796483.67
2025-07-07,0.985265,"w1=0.43, w2=0.27, w3=0.19, w4=0.1",144146366.55804825,260035998.53
2025-07-08,0.963597,"w1=0.43, w2=0.27, w3=0.19, w4=0.1",144184062.74845982,253940248.39
2025-07-09,0.968713,"w1=0.43, w2=0.27, w3=0.19, w4=0.1",144238803.72983316,255475976.21
2025-07-10,0.953867,"w1=0.43, w2=0.27, w3=0.19, w4=0.1",144307308.91478652,251446451.2
2025-07-11,0.945932,"w1=0.43, w2=0.27, w3=0.19, w4=0.1",144386318.09225723,249398900.92
2025-07-12,0.93137,"w1=0.43, w2=0.27, w3=0.19, w4=0.1",144472958.20124644,245597559.34
2025-07-13,0.912368,"w1=0.43, w2=0.27, w3=0.19, w4=0.1",144564682.20186138,240712359.49
2025-07-14,0.902737,"w1=0.43, w2=0.27, w3=0.19, w4=0.1",144659258.88715613,238363086.36
2025-07-15,0.946201,"w1=0.43, w2=0.27, w3=0.19, w4=0.1",144754874.7647271,250109387.49
2025-07-16,0.995235,"w1=0.43, w2=0.27, w3=0.19, w4=0.1",144850042.36327696,264217281.2
2025-07-17,0.994408,"w1=0.43, w2=0.27, w3=0.19, w4=0.1",144943579.8562955,264144683.59
2025-07-18,0.977207,"w1=0.43, w2=0.27, w3=0.19, w4=0.1",145034560.1212618,259310910.58
2025-07-19,0.95674,"w1=0.43, w2=0.27, w3=0.19, w4=0.1",145122280.17516547,253667652.92
2025-07-20,0.963594,"w1=0.43, w2=0.27, w3=0.19, w4=0.1",145206250.98634714,255739702.87
2025-07-21,0.945633,"w1=0.43, w2=0.27, w3=0.19, w4=0.1",145286085.40474308,250870685.75
2025-07-22,0.933861,"w1=0.43, w2=0.27, w3=0.19, w4=0.1",145361579.6671619,247782556.77
2025-07-23,0.919523,"w1=0.43, w2=0.27, w3=0.19, w4=0.1",145432642.0801675,244051602.85
2025-07-24,0.895449,"w1=0.43, w2=0.27, w3=0.19, w4=0.1",145499191.1384833,237861264.9
2025-07-25,0.889675,"w1=0.43, w2=0.27, w3=0.19, w4=0.1",145561318.53554538,236481513.61
2025-07-26,0.949679,"w1=0.43, w2=0.27, w3=0.19, w4=0.1",145619075.21215165,252565940.87
2025-07-27,0.983939,"w1=0.43, w2=0.27, w3=0.19, w4=0.1",145672644.55517435,262402906.77
2025-07-28,0.982085,"w1=0.43, w2=0.27, w3=0.19, w4=0.1",145722159.01068792,261952760.01
2025-07-29,0.965109,"w1=0.43, w2=0.27, w3=0.19, w4=0.1",145017494.9539809,255834724.25
2025-07-30,0.951535,"w1=0.43, w2=0.27, w3=0.19, w4=0.1",145007449.42864418,252018939.85
2025-07-31,0.9525,"w1=0.43, w2=0.27, w3=0.19, w4=0.1",144964862.92163867,252212519.91
2025-08-01,0.958684,"w1=0.43, w2=0.27, w3=0.19, w4=0.1",144902317.8100342,253826248.77
2025-08-02,0.945702,"w1=0.43, w2=0.27, w3=0.19, w4=0.1",144819416.75560746,250083820.33
2025-08-03,0.931122,"w1=0.43, w2=0.27, w3=0.19, w4=0.1",144752378.66563228,246005828.74
2025-08-04,0.907068,"w1=0.43, w2=0.27, w3=0.19, w4=0.1",144707754.52671263,239566528.76
2025-08-05,0.924208,"w1=0.43, w2=0.27, w3=0.19, w4=0.1",144688560.03408146,244046883.76
2025-08-06,0.986316,"w1=0.43, w2=0.27, w3=0.19, w4=0.1",144694092.20472834,261328828.41
2025-08-07,1.009738,"w1=0.43, w2=0.27, w3=0.19, w4=0.1",144721702.1171649,268287184.56
2025-08-08,0.995126,"w1=0.43, w2=0.27, w3=0.19, w4=0.1",144767803.5392223,264035238.09
2025-08-09,0.973908,"w1=0.43, w2=0.27, w3=0.19, w4=0.1",144828596.28738064,257998593.48
2025-08-10,0.966072,"w1=0.43, w2=0.27, w3=0.19, w4=0.1",144900524.69394973,255900327.23
2025-08-11,0.964757,"w1=0.43, w2=0.27, w3=0.19, w4=0.1",144980369.30050528,255669856.55
2025-08-12,0.946544,"w1=0.43, w2=0.27, w3=0.19, w4=0.1",145065369.11580357,250740306.36
2025-08-13,0.939676,"w1=0.43, w2=0.27, w3=0.19, w4=0.1",145153191.05130294,249008379.6
2025-08-14,0.924589,"w1=0.43, w2=0.27, w3=0.19, w4=0.1",145241940.10932326,245082174.81
2025-08-15,0.9098,"w1=0.43, w2=0.27, w3=0.19, w4=0.1",145330128.8185672,241312125.76
2025-08-16,0.947667,"w1=0.43, w2=0.27, w3=0.19, w4=0.1",145416585.5406841,251657643.22
2025-08-17,1.00496,"w1=0.43, w2=0.27, w3=0.19, w4=0.1",145500444.28211048,268295689.63
2025-08-18,0.999833,"w1=0.43, w2=0.27, w3=0.19, w4=0.1",145580991.8716764,266913871.13
2025-08-19,0.98594,"w1=0.43, w2=0.27, w3=0.19, w4=0.1",145657820.782999,262959595.25
2025-08-20,0.966951,"w1=0.43, w2=0.27, w3=0.19, w4=0.1",145730645.7476103,257616329.98
2025-08-21,0.979274,"w1=0.43, w2=0.27, w3=0.19, w4=0.1",145799201.87336153,261275710.84
2025-08-22,0.961222,"w1=0.43, w2=0.27, w3=0.19, w4=0.1",145863529.91289088,256225941.65
2025-08-23,0.945976,"w1=0.43, w2=0.27, w3=0.19, w4=0.1",145923568.73724097,252066378.1
2025-08-24,0.929045,"w1=0.43, w2=0.27, w3=0.19, w4=0.1",145979430.41616708,247528472.13
2025-08-25,0.898577,"w1=0.43, w2=0.27, w3=0.19, w4=0.1",146031196.45494577,239541010.46
2025-08-26,0.915472,"w1=0.43, w2=0.27, w3=0.19, w4=0.1",146079019.6759706,244056876.12
2025-08-27,0.974536,"w1=0.43, w2=0.27, w3=0.19, w4=0.1",146123093.65427345,260485606.06
2025-08-28,0.998421,"w1=0.43, w2=0.27, w3=0.19, w4=0.1",148957999.99561688,272676107.27
2025-08-29,0.989553,"w1=0.43, w2=0.27, w3=0.19, w4=0.1",149166327.48251843,270376508.38
2025-08-30,0.969774,"w1=0.43, w2=0.27, w3=0.19, w4=0.1",149473429.17645788,265058201.06
2025-08-31,0.956616,"w1=0.43, w2=0.27, w3=0.19, w4=0.1",149837859.6443016,261874517.96
2025-09-01,0.97642,"w1=0.43, w2=0.27, w3=0.19, w4=0.1",150229064.5954971,268364278.12
2025-09-02,0.959289,"w1=0.43, w2=0.27, w3=0.19, w4=0.1",150631639.5327735,264038341.26
2025-09-03,0.943053,"w1=0.43, w2=0.27, w3=0.19, w4=0.1",151047469.26565138,260081458.74
2025-09-04,0.921478,"w1=0.43, w2=0.27, w3=0.19, w4=0.1",151469473.0232291,254724438.28
2025-09-05,0.897259,"w1=0.43, w2=0.27, w3=0.19, w4=0.1",151893208.76793382,248801259.23
2025-09-06,0.920282,"w1=0.43, w2=0.27, w3=0.19, w4=0.1",152314529.91882032,255811723.39
2025-09-07,0.987736,"w1=0.43, w2=0.27, w3=0.19, w4=0.1",152729778.92660266,276277256.23
2025-09-08,0.996064,"w1=0.43, w2=0.27, w3=0.19, w4=0.1",153135695.58021826,279588809.45
2025-09-09,0.978023,"w1=0.43, w2=0.27, w3=0.19, w4=0.1",153529478.13578513,274747430.95
2025-09-10,0.953685,"w1=0.43, w2=0.27, w3=0.19, w4=0.1",153908885.19819778,268122884.47
2025-09-11,0.958757,"w1=0.43, w2=0.27, w3=0.19, w4=0.1",154272001.39345688,270260921.35
2025-09-12,0.943032,"w1=0.43, w2=0.27, w3=0.19, w4=0.1",154617543.01345655,266222464.31
2025-09-13,0.934906,"w1=0.43, w2=0.27, w3=0.19, w4=0.1",154944531.99487796,264419900.59
2025-09-14,0.918292,"w1=0.43, w2=0.27, w3=0.19, w4=0.1",155252448.74158305,260181009.61
2025-09-15,0.895821,"w1=0.43, w2=0.27, w3=0.19, w4=0.1",155541120.0548591,254380166.07
2025-09-16,0.885381,"w1=0.43, w2=0.27, w3=0.19, w4=0.1",155810637.62814224,251961697.28
2025-09-17,0.929084,"w1=0.43, w2=0.27, w3=0.19, w4=0.1",156061347.85885787,264635048.67
2025-09-18,0.983051,"w1=0.43, w2=0.27, w3=0.19, w4=0.1",156293780.53130367,281257712.6
2025-09-19,0.980105,"w1=0.43, w2=0.27, w3=0.19, w4=0.1",156508638.62849003,280725732.3
2025-09-20,0.961513,"w1=0.43, w2=0.27, w3=0.19, w4=0.1",156706645.5097465,275361472.82
2025-09-21,0.943433,"w1=0.43, w2=0.27, w3=0.19, w4=0.1",156888769.0502322,270251986.65
2025-09-22,0.953397,"w1=0.43, w2=0.27, w3=0.19, w4=0.1",157055803.92639372,273518390.05
2025-09-23,0.940651,"w1=0.43, w2=0.27, w3=0.19, w4=0.1",157208768.95418814,269978018.84
2025-09-24,0.930306,"w1=0.43, w2=0.27, w3=0.19, w4=0.1",157348550.50349805,267174444.97
2025-09-25,0.916333,"w1=0.43, w2=0.27, w3=0.19, w4=0.1",157476075.69684443,263344920.83
2025-09-26,0.89721,"w1=0.43, w2=0.27, w3=0.19, w4=0.1",157592261.46858862,258122616.66
2025-09-27,0.887905,"w1=0.43, w2=0.27, w3=0.19, w4=0.1",157373287.3549357,255183052.59
2025-09-28,0.94185,"w1=0.43, w2=0.27, w3=0.19, w4=0.1",157450544.16896027,270749027.88
2025-09-29,0.987639,"w1=0.43, w2=0.27, w3=0.19, w4=0.1",157505825.12279084,284886085.89
2025-09-30,0.984093,"w1=0.43, w2=0.27, w3=0.19, w4=0.1",157544805.02130833,283836956.38
2025-10-01,0.983633,"w1=0.43, w2=0.27, w3=0.19, w4=0.1",157571824.0204898,283740767.0
2025-10-02,0.969723,"w1=0.43, w2=0.27, w3=0.19, w4=0.1",157585078.81609127,279426671.37
2025-10-03,0.975003,"w1=0.43, w2=0.27, w3=0.19, w4=0.1",157613259.26546383,281113772.4
2025-10-04,0.957523,"w1=0.43, w2=0.27, w3=0.19, w4=0.1",157659401.4401595,275819822.93
2025-10-05,0.946886,"w1=0.43, w2=0.27, w3=0.19, w4=0.1",157725624.477369,272725539.14
2025-10-06,0.927729,"w1=0.43, w2=0.27, w3=0.19, w4=0.1",157811734.8020605,267207248.12
2025-10-07,0.902653,"w1=0.43, w2=0.27, w3=0.19, w4=0.1",157916092.12054312,260183398.18
2025-10-08,0.927983,"w1=0.43, w2=0.27, w3=0.19, w4=0.1",158036230.89820075,267661637.51
2025-10-09,0.98694,"w1=0.43, w2=0.27, w3=0.19, w4=0.1",158169216.94507703,285863969.47
2025-10-10,1.00401,"w1=0.43, w2=0.27, w3=0.19, w4=0.1",158312034.565939,291610386.24
2025-10-11,0.993036,"w1=0.43, w2=0.27, w3=0.19, w4=0.1",158461841.2642665,288339852.72
2025-10-12,0.972539,"w1=0.43, w2=0.27, w3=0.19, w4=0.1",158615886.2369754,282131678.52
2025-10-13,0.969816,"w1=0.43, w2=0.27, w3=0.19, w4=0.1",158771856.77184314,281559986.19
2025-10-14,0.969304,"w1=0.43, w2=0.27, w3=0.19, w4=0.1",158927654.1079982,281676812.31
2025-10-15,0.958054,"w1=0.43, w2=0.27, w3=0.19, w4=0.1",159081556.4464731,278470709.72
2025-10-16,0.944099,"w1=0.43, w2=0.27, w3=0.19, w4=0.1",159232137.44492796,274489169.67
2025-10-17,0.923548,"w1=0.43, w2=0.27, w3=0.19, w4=0.1",159378266.2176504,268630515.5
2025-10-18,0.901148,"w1=0.43, w2=0.27, w3=0.19, w4=0.1",159519076.77107698,262395877.56
2025-10-19,0.932751,"w1=0.43, w2=0.27, w3=0.19, w4=0.1",159653866.12219727,271814743.09
2025-10-20,0.998628,"w1=0.43, w2=0.27, w3=0.19, w4=0.1",159782185.99199015,292557849.81
2025-10-21,1.00205,"w1=0.43, w2=0.27, w3=0.19, w4=0.1",159903791.86462596,293899246.58
2025-10-22,0.990077,"w1=0.43, w2=0.27, w3=0.19, w4=0.1",160018459.6005941,290215874.91
2025-10-23,0.972317,"w1=0.43, w2=0.27, w3=0.19, w4=0.1",160126179.01173505,284748114.01
2025-10-24,0.968972,"w1=0.43, w2=0.27, w3=0.19, w4=0.1",160227001.03884664,283875537.2
2025-10-25,0.956623,"w1=0.43, w2=0.27, w3=0.19, w4=0.1",160321017.37536502,280198295.34
2025-10-26,0.939676,"w1=0.43, w2=0.27, w3=0.19, w4=0.1",160408411.40816242,275178508.37
2025-10-27,0.940745,"w1=0.43, w2=0.27, w3=0.19, w4=0.1",156880496.2646608,269442041.41
2025-10-28,0.921034,"w1=0.43, w2=0.27, w3=0.19, w4=0.1",156729365.10558912,263442346.07
2025-10-29,0.916165,"w1=0.43, w2=0.27, w3=0.19, w4=0.1",156439715.7289943,261563974.0
2025-10-30,0.960906,"w1=0.43, w2=0.27, w3=0.19, w4=0.1",156064872.96206933,274050246.23
2025-10-31,1.004847,"w1=0.43, w2=0.27, w3=0.19, w4=0.1",155644112.15995923,286963930.96
2025-11-01,1.022203,"w1=0.43, w2=0.27, w3=0.19, w4=0.1",155204299.49945194,291761458.17
2025-11-02,1.00697,"w1=0.43, w2=0.27, w3=0.19, w4=0.1",154756224.24153283,286003807.28
2025-11-03,0.999348,"w1=0.43, w2=0.27, w3=0.19, w4=0.1",154341158.62062275,282822217.49
2025-11-04,1.005134,"w1=0.43, w2=0.27, w3=0.19, w4=0.1",153966315.85369778,283961471.04
2025-11-05,0.993915,"w1=0.43, w2=0.27, w3=0.19, w4=0.1",153635119.16237366,279830571.35
2025-11-06,0.986096,"w1=0.43, w2=0.27, w3=0.19, w4=0.1",153346987.82155487,276888988.78
2025-11-07,0.972909,"w1=0.43, w2=0.27, w3=0.19, w4=0.1",153099191.40447643,272430570.47
2025-11-08,0.955295,"w1=0.43, w2=0.27, w3=0.19, w4=0.1",152888001.04473552,266816873.89
2025-11-09,0.940712,"w1=0.43, w2=0.27, w3=0.19, w4=0.1",152709433.17193997,262268755.11
2025-11-10,0.985125,"w1=0.43, w2=0.27, w3=0.19, w4=0.1",152559494.02753806,275170278.3
2025-11-11,1.027335,"w1=0.43, w2=0.27, w3=0.19, w4=0.1",152434424.18064824,288208638.06
2025-11-12,1.02653,"w1=0.43, w2=0.27, w3=0.19, w4=0.1",152330841.162293,287752729.24
2025-11-13,1.015289,"w1=0.43, w2=0.27, w3=0.19, w4=0.1",152245708.90092027,283992366.78
2025-11-14,1.002381,"w1=0.43, w2=0.27, w3=0.19, w4=0.1",152176327.53424385,279799606.01
2025-11-15,1.005056,"w1=0.43, w2=0.27, w3=0.19, w4=0.1",152120384.35004115,280532584.49
2025-11-16,0.989301,"w1=0.43, w2=0.27, w3=0.19, w4=0.1",152075851.90455768,275573082.66
2025-11-17,0.975317,"w1=0.43, w2=0.27, w3=0.19, w4=0.1",152040957.45802805,271269479.99
2025-11-18,0.955567,"w1=0.43, w2=0.27, w3=0.19, w4=0.1",152014172.78651667,265371353.48
2025-11-19,0.93313,"w1=0.43, w2=0.27, w3=0.19, w4=0.1",151994214.1819177,258881327.25
2025-11-20,0.935056,"w1=0.43, w2=0.27, w3=0.19, w4=0.1",151979940.57035914,259403286.81
2025-11-21,0.993547,"w1=0.43, w2=0.27, w3=0.19, w4=0.1",151970363.70036268,276685086.84
2025-11-22,1.029226,"w1=0.43, w2=0.27, w3=0.19, w4=0.1",151964668.51916268,287931040.15
2025-11-23,1.022836,"w1=0.43, w2=0.27, w3=0.19, w4=0.1",151962172.42006785,285869498.19
2025-11-24,1.003626,"w1=0.43, w2=0.27, w3=0.19, w4=0.1",151962243.73718485,279794209.4
2025-11-25,0.99291,"w1=0.43, w2=0.27, w3=0.19, w4=0.1",151964393.43885428,276478234.33
2025-11-26,0.988727,"w1=0.43, w2=0.27, w3=0.19, w4=0.1",153754870.7899676,278437946.96
2025-11-27,0.976313,"w1=0.43, w2=0.27, w3=0.19, w4=0.1",153870037.74575472,274835825.44
2025-11-28,0.961177,"w1=0.43, w2=0.27, w3=0.19, w4=0.1",154052996.71532524,270598245.42
2025-11-29,0.945379,"w1=0.43, w2=0.27, w3=0.19, w4=0.1",154278124.47735888,266323271.66
2025-11-30,0.91897,"w1=0.43, w2=0.27, w3=0.19, w4=0.1",154525584.68517146,259154291.13
2025-12-01,0.947645,"w1=0.43, w2=0.27, w3=0.19, w4=0.1",154781256.549598,267857648.88
2025-12-02,1.008969,"w1=0.43, w2=0.27, w3=0.19, w4=0.1",155026679.12549648,287143917.51
2025-12-03,1.03527,"w1=0.43, w2=0.27, w3=0.19, w4=0.1",155284500.69159243,296226273.81
2025-12-04,1.026692,"w1=0.43, w2=0.27, w3=0.19, w4=0.1",155551206.33283406,293889412.77
2025-12-05,1.008731,"w1=0.43, w2=0.27, w3=0.19, w4=0.1",155825339.14240274,288546495.97
2025-12-06,0.999805,"w1=0.43, w2=0.27, w3=0.19, w4=0.1",156104851.30022472,286199795.62
2025-12-07,0.997633,"w1=0.43, w2=0.27, w3=0.19, w4=0.1",156387256.8953648,286024634.73
2025-12-08,0.982271,"w1=0.43, w2=0.27, w3=0.19, w4=0.1",156670080.20504725,281691045.65
2025-12-09,0.963553,"w1=0.43, w2=0.27, w3=0.19, w4=0.1",156950743.62490073,276411794.97
2025-12-10,0.944762,"w1=0.43, w2=0.27, w3=0.19, w4=0.1",157226934.44270268,271229868.31
2025-12-11,0.924613,"w1=0.43, w2=0.27, w3=0.19, w4=0.1",157496564.0857411,265767667.94
2025-12-12,0.964391,"w1=0.43, w2=0.27, w3=0.19, w4=0.1",157757819.0616124,278090247.77
2025-12-13,1.022727,"w1=0.43, w2=0.27, w3=0.19, w4=0.1",158009222.08717886,297208820.74
2025-12-14,1.035961,"w1=0.43, w2=0.27, w3=0.19, w4=0.1",158249632.0885685,302117363.28
2025-12-15,1.0191,"w1=0.43, w2=0.27, w3=0.19, w4=0.1",158478121.94326046,296881838.17
2025-12-16,1.002179,"w1=0.43, w2=0.27, w3=0.19, w4=0.1",158694182.24327618,291717970.56
2025-12-17,1.007447,"w1=0.43, w2=0.27, w3=0.19, w4=0.1",158897436.02671152,293813584.4
2025-12-18,1.000793,"w1=0.43, w2=0.27, w3=0.19, w4=0.1",159087791.60013035,291990000.2
2025-12-19,0.98774,"w1=0.43, w2=0.27, w3=0.19, w4=0.1",159265320.2806497,288100863.59
2025-12-20,0.971048,"w1=0.43, w2=0.27, w3=0.19, w4=0.1",159430266.58409923,283112959.34
2025-12-21,0.947398,"w1=0.43, w2=0.27, w3=0.19, w4=0.1",159582946.34342566,276092308.15
2025-12-22,0.942129,"w1=0.43, w2=0.27, w3=0.19, w4=0.1",159723828.2139692,274742199.0
2025-12-23,0.994431,"w1=0.43, w2=0.27, w3=0.19, w4=0.1",159853441.9800276,291323821.15
2025-12-24,1.035859,"w1=0.43, w2=0.27, w3=0.19, w4=0.1",159972317.42589843,305371138.7
2025-12-25,1.030061,"w1=0.43, w2=0.27, w3=0.19, w4=0.1",160081065.84115604,303593910.08
2025-12-26,1.041191,"w1=0.43, w2=0.27, w3=0.19, w4=0.1",155235556.77301484,298112798.24
2025-12-27,1.031301,"w1=0.43, w2=0.27, w3=0.19, w4=0.1",155015838.92371324,294397468.08
2025-12-28,1.031912,"w1=0.43, w2=0.27, w3=0.19, w4=0.1",154602759.99391946,293814599.29
2025-12-29,1.019699,"w1=0.43, w2=0.27, w3=0.19, w4=0.1",154069195.88904265,288816165.76
2025-12-30,1.003991,"w1=0.43, w2=0.27, w3=0.19, w4=0.1",153471619.57758316,282688361.64
2025-12-31,0.988298,"w1=0.43, w2=0.27, w3=0.19, w4=0.1",152850090.90297297,276667563.78
2026-01-01,0.986509,"w1=0.43, w2=0.27, w3=0.19, w4=0.1",152231547.359117,275000988.94
2026-01-02,1.012078,"w1=0.43, w2=0.27, w3=0.19, w4=0.1",151595072.65441662,281765027.5
2026-01-03,1.083216,"w1=0.43, w2=0.27, w3=0.19, w4=0.1",150997761.23510596,304104246.56
2026-01-04,1.113497,"w1=0.43, w2=0.27, w3=0.19, w4=0.1",150452226.04273358,313667047.72
2026-01-05,1.092173,"w1=0.43, w2=0.27, w3=0.19, w4=0.1",149965445.9666054,305122595.83
2026-01-06,1.070744,"w1=0.43, w2=0.27, w3=0.19, w4=0.1",149538735.27930602,296928153.72
2026-01-07,1.069687,"w1=0.43, w2=0.27, w3=0.19, w4=0.1",149169760.89229378,295840579.42
2026-01-08,1.070381,"w1=0.43, w2=0.27, w3=0.19, w4=0.1",148854213.21407023,295447256.58
2026-01-09,1.05513,"w1=0.43, w2=0.27, w3=0.19, w4=0.1",148586794.40165865,289867429.65
2026-01-10,1.043624,"w1=0.43, w2=0.27, w3=0.19, w4=0.1",148361911.15545473,285694737.12
2026-01-11,1.024391,"w1=0.43, w2=0.27, w3=0.19, w4=0.1",148174133.18640727,279229904.87
2026-01-12,1.003043,"w1=0.43, w2=0.27, w3=0.19, w4=0.1",148018376.6028905,272355566.88
2026-01-13,1.037422,"w1=0.43, w2=0.27, w3=0.19, w4=0.1",147890015.98045933,282804056.84
2026-01-14,1.098557,"w1=0.43, w2=0.27, w3=0.19, w4=0.1",147784986.24344504,302884823.95
2026-01-15,1.108743,"w1=0.43, w2=0.27, w3=0.19, w4=0.1",147699690.9715192,306256272.35
2026-01-16,1.092731,"w1=0.43, w2=0.27, w3=0.19, w4=0.1",147631094.09312972,300564282.81
2026-01-17,1.078903,"w1=0.43, w2=0.27, w3=0.19, w4=0.1",147576495.74599037,295759586.82
2026-01-18,1.079426,"w1=0.43, w2=0.27, w3=0.19, w4=0.1",147533613.7823573,295849491.95
2026-01-19,1.06498,"w1=0.43, w2=0.27, w3=0.19, w4=0.1",147500532.82823128,290973404.03
2026-01-20,1.050511,"w1=0.43, w2=0.27, w3=0.19, w4=0.1",147475571.83728307,286202528.72
2026-01-21,1.032595,"w1=0.43, w2=0.27, w3=0.19, w4=0.1",147457375.7842898,280450326.11
2026-01-22,1.006621,"w1=0.43, w2=0.27, w3=0.19, w4=0.1",147444671.14930516,272385234.75
2026-01-23,0.995823,"w1=0.43, w2=0.27, w3=0.19, w4=0.1",147436510.43348902,269111265.76
2026-01-24,1.042415,"w1=0.43, w2=0.27, w3=0.19, w4=0.1",147432017.45511836,283517588.63
2026-01-25,1.082715,"w1=0.43, w2=0.27, w3=0.19, w4=0.1",151703495.04856795,305351451.42
2026-01-26,1.0845,"w1=0.43, w2=0.27, w3=0.19, w4=0.1",152029383.70875573,306629650.99
2026-01-27,1.064069,"w1=0.43, w2=0.27, w3=0.19, w4=0.1",152554389.75959316,300632714.87
2026-01-28,1.045972,"w1=0.43, w2=0.27, w3=0.19, w4=0.1",153210517.4241054,295813440.98
2026-01-29,1.045065,"w1=0.43, w2=0.27, w3=0.19, w4=0.1",153943861.15000397,296925558.51
2026-01-30,1.029644,"w1=0.43, w2=0.27, w3=0.19, w4=0.1",154715216.8992608,293280195.6
2026-01-31,1.012611,"w1=0.43, w2=0.27, w3=0.19, w4=0.1",155497300.78054553,289190251.4
2026-02-01,1.017265,"w1=0.43, w2=0.27, w3=0.19, w4=0.1",156271672.22503528,292147561.69
2026-02-02,0.991614,"w1=0.43, w2=0.27, w3=0.19, w4=0.1",156955898.8336435,285148305.94
2026-02-03,0.986058,"w1=0.43, w2=0.27, w3=0.19, w4=0.1",157607910.4816892,284570661.6
2026-02-04,1.048839,"w1=0.43, w2=0.27, w3=0.19, w4=0.1",158230926.6275967,306496272.74
2026-02-05,1.088536,"w1=0.43, w2=0.27, w3=0.19, w4=0.1",158830825.83943832,321823335.49
2026-02-06,1.080767,"w1=0.43, w2=0.27, w3=0.19, w4=0.1",159411367.5480956,320155780.82
2026-02-07,1.051855,"w1=0.43, w2=0.27, w3=0.19, w4=0.1",159974752.39603585,310930875.47
2026-02-08,1.032797,"w1=0.43, w2=0.27, w3=0.19, w4=0.1",160522050.14001393,305367446.93
2026-02-09,1.02779,"w1=0.43, w2=0.27, w3=0.19, w4=0.1",161053413.6024235,304660155.07
2026-02-10,1.012264,"w1=0.43, w2=0.27, w3=0.19, w4=0.1",161568526.95031777,300364826.12
2026-02-11,0.994452,"w1=0.43, w2=0.27, w3=0.19, w4=0.1",162066758.51780343,295364366.86
2026-02-12,0.979129,"w1=0.43, w2=0.27, w3=0.19, w4=0.1",162547354.3810722,291242001.68
2026-02-13,0.956875,"w1=0.43, w2=0.27, w3=0.19, w4=0.1",163009530.05183718,284976188.63
2026-02-14,0.970171,"w1=0.43, w2=0.27, w3=0.19, w4=0.1",163452725.18132192,289974638.88
2026-02-15,1.033505,"w1=0.43, w2=0.27, w3=0.19, w4=0.1",163876409.9852288,311996757.6
2026-02-16,1.050636,"w1=0.43, w2=0.27, w3=0.19, w4=0.1",164280258.44245154,318859998.12
2026-02-17,1.040227,"w1=0.43, w2=0.27, w3=0.19, w4=0.1",164664209.42403272,315876394.06
2026-02-18,1.020991,"w1=0.43, w2=0.27, w3=0.19, w4=0.1",165028303.6826106,309808072.67
2026-02-19,1.015272,"w1=0.43, w2=0.27, w3=0.19, w4=0.1",165372775.54585534,308473145.11
2026-02-20,1.008165,"w1=0.43, w2=0.27, w3=0.19, w4=0.1",165697971.41119233,306634049.81
2026-02-21,0.995012,"w1=0.43, w2=0.27, w3=0.19, w4=0.1",166004380.31028095,302729227.44
2026-02-22,0.982454,"w1=0.43, w2=0.27, w3=0.19, w4=0.1",166292542.21557844,299052820.47
2026-02-23,0.964873,"w1=0.43, w2=0.27, w3=0.19, w4=0.1",166563170.2982548,293768292.32
2026-02-24,0.938543,"w1=0.43, w2=0.27, w3=0.19, w4=0.1",165784367.0043518,284047917.78
2026-02-25,0.949351,"w1=0.43, w2=0.27, w3=0.19, w4=0.1",165925391.50912935,287682056.65
2026-02-26,1.00952,"w1=0.43, w2=0.27, w3=0.19, w4=0.1",166000834.83075035,307659808.66
2026-02-27,1.037222,"w1=0.43, w2=0.27, w3=0.19, w4=0.1",166027527.80882555,317416245.74
2026-02-28,1.02786,"w1=0.43, w2=0.27, w3=0.19, w4=0.1",166019489.35092428,314079015.81
2026-03-01,1.029025,"w1=0.43, w2=0.27, w3=0.19, w4=0.1",165987478.15355316,314429417.43
2026-03-02,1.021982,"w1=0.43, w2=0.27, w3=0.19, w4=0.1",165860992.152483,311717265.47
2026-03-03,1.017957,"w1=0.43, w2=0.27, w3=0.19, w4=0.1",165717155.71566394,310045853.41
2026-03-04,1.004527,"w1=0.43, w2=0.27, w3=0.19, w4=0.1",165570425.8415268,305156285.22
2026-03-05,0.988776,"w1=0.43, w2=0.27, w3=0.19, w4=0.1",165433914.69143906,299604085.49
2026-03-06,0.97209,"w1=0.43, w2=0.27, w3=0.19, w4=0.1",165315548.65354675,293902424.2
2026-03-07,0.948946,"w1=0.43, w2=0.27, w3=0.19, w4=0.1",165219647.5075078,286330941.8
2026-03-08,0.981608,"w1=0.43, w2=0.27, w3=0.19, w4=0.1",165147780.22989613,296715597.01
2026-03-09,1.048102,"w1=0.43, w2=0.27, w3=0.19, w4=0.1",165099661.55224374,319535318.12
2026-03-10,1.058715,"w1=0.43, w2=0.27, w3=0.19, w4=0.1",165073814.1914129,323338769.31
2026-03-11,1.043834,"w1=0.43, w2=0.27, w3=0.19, w4=0.1",165068068.06941503,317940366.84
2026-03-12,1.019518,"w1=0.43, w2=0.27, w3=0.19, w4=0.1",165079855.7700383,309393877.65
2026-03-13,1.019612,"w1=0.43, w2=0.27, w3=0.19, w4=0.1",165106538.55995396,309476469.01
2026-03-14,1.01465,"w1=0.43, w2=0.27, w3=0.19, w4=0.1",165145498.0821523,307834914.45
2026-03-15,1.003452,"w1=0.43, w2=0.27, w3=0.19, w4=0.1",165194248.42569807,304098065.31
2026-03-16,0.988303,"w1=0.43, w2=0.27, w3=0.19, w4=0.1",165250619.51260272,299114904.05
2026-03-17,0.970071,"w1=0.43, w2=0.27, w3=0.19, w4=0.1",165312543.14647338,293241643.51
2026-03-18,0.954153,"w1=0.43, w2=0.27, w3=0.19, w4=0.1",165378338.28098094,288252124.88
2026-03-19,1.002004,"w1=0.43, w2=0.27, w3=0.19, w4=0.1",165446517.444828,304071044.16
2026-03-20,1.052888,"w1=0.43, w2=0.27, w3=0.19, w4=0.1",165515776.55358958,322076083.07
2026-03-21,1.051562,"w1=0.43, w2=0.27, w3=0.19, w4=0.1",165585137.5439469,321728894.01
2026-03-22,1.03434,"w1=0.43, w2=0.27, w3=0.19, w4=0.1",165653663.10521936,315676574.17
2026-03-23,1.018275,"w1=0.43, w2=0.27, w3=0.19, w4=0.1",165720721.57151368,310162939.52
2026-03-24,1.025118,"w1=0.43, w2=0.27, w3=0.19, w4=0.1",165785732.21773428,312673302.56
2026-03-25,1.00904,"w1=0.43, w2=0.27, w3=0.19, w4=0.1",165848318.08197704,307212365.31
2026-03-26,1.002706,"w1=0.43, w2=0.27, w3=0.19, w4=0.1",164436127.0957236,302450729.43
2026-03-27,0.991474,"w1=0.43, w2=0.27, w3=0.19, w4=0.1",164390066.4263045,298607780.13
2026-03-28,0.975604,"w1=0.43, w2=0.27, w3=0.19, w4=0.1",164275877.53383613,293192009.8
2026-03-29,0.970486,"w1=0.43, w2=0.27, w3=0.19, w4=0.1",164115271.38636371,291251448.56
2026-03-30,1.021889,"w1=0.43, w2=0.27, w3=0.19, w4=0.1",163925791.99466795,308048162.47
2026-03-31,1.071433,"w1=0.43, w2=0.27, w3=0.19, w4=0.1",163720551.52011633,325342183.16
2026-04-01,1.091658,"w1=0.43, w2=0.27, w3=0.19, w4=0.1",163508841.5642373,332482945.32
2026-04-02,1.072142,"w1=0.43, w2=0.27, w3=0.19, w4=0.1",163229563.73408544,324627580.39
2026-04-03,1.061598,"w1=0.43, w2=0.27, w3=0.19, w4=0.1",162953902.70058116,320229372.93
2026-04-04,1.063849,"w1=0.43, w2=0.27, w3=0.19, w4=0.1",162689570.90051952,320525825.34
2026-04-05,1.053414,"w1=0.43, w2=0.27, w3=0.19, w4=0.1",162445656.17223755,316289832.04
2026-04-06,1.044538,"w1=0.43, w2=0.27, w3=0.19, w4=0.1",162227517.4876694,312717170.07
2026-04-07,1.027269,"w1=0.43, w2=0.27, w3=0.19, w4=0.1",162037803.7683035,306343110.55
2026-04-08,1.009311,"w1=0.43, w2=0.27, w3=0.19, w4=0.1",161877421.76034164,299947586.55
2026-04-09,1.002882,"w1=0.43, w2=0.27, w3=0.19, w4=0.1",161745933.37292227,297560999.95
2026-04-10,1.059084,"w1=0.43, w2=0.27, w3=0.19, w4=0.1",161641871.5110672,316748632.07
2026-04-11,1.105665,"w1=0.43, w2=0.27, w3=0.19, w4=0.1",161563259.67181972,333824537.85
2026-04-12,1.108113,"w1=0.43, w2=0.27, w3=0.19, w4=0.1",161507815.70743603,334646087.57
2026-04-13,1.091112,"w1=0.43, w2=0.27, w3=0.19, w4=0.1",161473023.1425021,328138927.65
2026-04-14,1.080141,"w1=0.43, w2=0.27, w3=0.19, w4=0.1",161456385.87792316,324032169.97
2026-04-15,1.08099,"w1=0.43, w2=0.27, w3=0.19, w4=0.1",161455428.1909235,324343242.3
2026-04-16,1.064953,"w1=0.43, w2=0.27, w3=0.19, w4=0.1",161467837.3692806,318516877.69
2026-04-17,1.046555,"w1=0.43, w2=0.27, w3=0.19, w4=0.1",161491412.77052718,312006958.48
2026-04-18,1.031294,"w1=0.43, w2=0.27, w3=0.19, w4=0.1",161524218.64434484,306755408.85
2026-04-19,1.00308,"w1=0.43, w2=0.27, w3=0.19, w4=0.1",161564390.55753207,297292660.83
2026-04-20,1.022031,"w1=0.43, w2=0.27, w3=0.19, w4=0.1",161610379.90983418,303745393.81
2026-04-21,1.094282,"w1=0.43, w2=0.27, w3=0.19, w4=0.1",161660739.98259214,329710260.24
2026-04-22,1.117558,"w1=0.43, w2=0.27, w3=0.19, w4=0.1",161714248.19665742,338719941.46
2026-04-23,1.106579,"w1=0.43, w2=0.27, w3=0.19, w4=0.1",161769804.2307964,334601011.9
2026-04-24,1.081677,"w1=0.43, w2=0.27, w3=0.19, w4=0.1",161826501.3388073,325342802.44
2026-04-25,1.075873,"w1=0.43, w2=0.27, w3=0.19, w4=0.1",162423863.6989158,324396510.17
2026-04-26,1.070276,"w1=0.43, w2=0.27, w3=0.19, w4=0.1",162515332.9955415,322523558.74
2026-04-27,1.055498,"w1=0.43, w2=0.27, w3=0.19, w4=0.1",162629450.57089284,317394234.12
2026-04-28,1.040483,"w1=0.43, w2=0.27, w3=0.19, w4=0.1",162757648.1827709,312309038.75
2026-04-29,1.023944,"w1=0.43, w2=0.27, w3=0.19, w4=0.1",162892845.060274,306813061.48
2026-04-30,0.998456,"w1=0.43, w2=0.27, w3=0.19, w4=0.1",163029692.41962758,298446777.68
2026-05-01,1.033008,"w1=0.43, w2=0.27, w3=0.19, w4=0.1",163164349.3246734,310467613.64
2026-05-02,1.100105,"w1=0.43, w2=0.27, w3=0.19, w4=0.1",163260861.7602866,335194757.73
2026-05-03,1.10939,"w1=0.43, w2=0.27, w3=0.19, w4=0.1",163346982.2731377,338952012.87
2026-05-04,1.09177,"w1=0.43, w2=0.27, w3=0.19, w4=0.1",163426398.97699124,332357745.42
2026-05-05,1.067736,"w1=0.43, w2=0.27, w3=0.19, w4=0.1",163503003.7488033,323550362.79
2026-05-06,1.074715,"w1=0.43, w2=0.27, w3=0.19, w4=0.1",163579343.62846652,326274861.99
2026-05-07,1.063348,"w1=0.43, w2=0.27, w3=0.19, w4=0.1",163656804.2056825,322248543.74
2026-05-08,1.050584,"w1=0.43, w2=0.27, w3=0.19, w4=0.1",163736088.46346164,317785135.16
2026-05-09,1.032257,"w1=0.43, w2=0.27, w3=0.19, w4=0.1",163817186.21364436,311446856.37
2026-05-10,1.013025,"w1=0.43, w2=0.27, w3=0.19, w4=0.1",163899801.99960312,304958161.38
2026-05-11,1.002957,"w1=0.43, w2=0.27, w3=0.19, w4=0.1",163983283.7791254,301702246.54
2026-05-12,1.056819,"w1=0.43, w2=0.27, w3=0.19, w4=0.1",164066948.94551992,320678235.66
2026-05-13,1.103272,"w1=0.43, w2=0.27, w3=0.19, w4=0.1",164149992.63418064,338242334.14
2026-05-14,1.096746,"w1=0.43, w2=0.27, w3=0.19, w4=0.1",164231711.86209717,335897033.03
2026-05-15,1.079426,"w1=0.43, w2=0.27, w3=0.19, w4=0.1",164311383.26994002,329493991.34
2026-05-16,1.062325,"w1=0.43, w2=0.27, w3=0.19, w4=0.1",164388466.88525188,323314494.4
2026-05-17,1.068733,"w1=0.43, w2=0.27, w3=0.19, w4=0.1",164462432.9237351,325817040.64
2026-05-18,1.051562,"w1=0.43, w2=0.27, w3=0.19, w4=0.1",164532934.98796433,319684483.68
2026-05-19,1.038125,"w1=0.43, w2=0.27, w3=0.19, w4=0.1",164599636.86867365,315006279.49
2026-05-20,1.020462,"w1=0.43, w2=0.27, w3=0.19, w4=0.1",164662375.55530998,308937953.33
2026-05-21,0.991281,"w1=0.43, w2=0.27, w3=0.19, w4=0.1",164721028.78995848,299144759.52
2026-05-22,1.001204,"w1=0.43, w2=0.27, w3=0.19, w4=0.1",164775566.0081404,302567936.71
2026-05-23,1.066026,"w1=0.43, w2=0.27, w3=0.19, w4=0.1",164826007.5861749,325536851.27
2026-05-24,1.097106,"w1=0.43, w2=0.27, w3=0.19, w4=0.1",164872384.0885407,337345991.88
2026-05-25,1.074562,"w1=0.43, w2=0.27, w3=0.19, w4=0.1",168282717.68243694,335597885.06
2026-05-26,1.0516,"w1=0.43, w2=0.27, w3=0.19, w4=0.1",168528996.06373933,327462807.96
2026-05-27,1.040462,"w1=0.43, w2=0.27, w3=0.19, w4=0.1",168907302.80491835,324101697.03
2026-05-28,1.036497,"w1=0.43, w2=0.27, w3=0.19, w4=0.1",169371404.03784215,323545160.44
2026-05-29,1.018832,"w1=0.43, w2=0.27, w3=0.19, w4=0.1",169882187.4179189,318149915.16
2026-05-30,1.006577,"w1=0.43, w2=0.27, w3=0.19, w4=0.1",170409995.2126383,314795280.93
2026-05-31,0.98843,"w1=0.43, w2=0.27, w3=0.19, w4=0.1",170933656.42641237,309445246.46
2026-06-01,0.971897,"w1=0.43, w2=0.27, w3=0.19, w4=0.1",171438765.00160825,304723384.64
2026-06-02,0.990438,"w1=0.43, w2=0.27, w3=0.19, w4=0.1",171886534.61474025,311865404.92
2026-06-03,1.054257,"w1=0.43, w2=0.27, w3=0.19, w4=0.1",172302333.7831394,335800950.74
2026-06-04,1.066441,"w1=0.43, w2=0.27, w3=0.19, w4=0.1",172685765.16858247,341220572.48
2026-06-05,1.05015,"w1=0.43, w2=0.27, w3=0.19, w4=0.1",173039824.08998322,335677680.22
2026-06-06,1.029886,"w1=0.43, w2=0.27, w3=0.19, w4=0.1",173367159.46883005,328726387.63
2026-06-07,1.025528,"w1=0.43, w2=0.27, w3=0.19, w4=0.1",173669982.1357498,327693740.35
2026-06-08,1.023777,"w1=0.43, w2=0.27, w3=0.19, w4=0.1",173950054.64234817,327578265.67
2026-06-09,1.012697,"w1=0.43, w2=0.27, w3=0.19, w4=0.1",174208782.95464593,324020584.05
2026-06-10,1.000083,"w1=0.43, w2=0.27, w3=0.19, w4=0.1",174447236.82939804,319927489.08
2026-06-11,0.984349,"w1=0.43, w2=0.27, w3=0.19, w4=0.1",174666343.38912538,314772992.67
2026-06-12,0.965552,"w1=0.43, w2=0.27, w3=0.19, w4=0.1",174866927.8747532,308644960.72
2026-06-13,0.994813,"w1=0.43, w2=0.27, w3=0.19, w4=0.1",175049683.08113232,319153749.84
2026-06-14,1.053653,"w1=0.43, w2=0.27, w3=0.19, w4=0.1",175215393.49654964,341245275.43
2026-06-15,1.063593,"w1=0.43, w2=0.27, w3=0.19, w4=0.1",175364853.79745173,345398107.66
2026-06-16,1.047567,"w1=0.43, w2=0.27, w3=0.19, w4=0.1",175498848.4721255,339457054.85
2026-06-17,1.032056,"w1=0.43, w2=0.27, w3=0.19, w4=0.1",175618253.70229402,333807471.93
2026-06-18,1.034063,"w1=0.43, w2=0.27, w3=0.19, w4=0.1",175723945.66968042,334762658.46
2026-06-19,1.023871,"w1=0.43, w2=0.27, w3=0.19, w4=0.1",175816871.87312472,331128707.82
2026-06-20,1.013432,"w1=0.43, w2=0.27, w3=0.19, w4=0.1",175897969.62330744,327431394.3
2026-06-21,1.000802,"w1=0.43, w2=0.27, w3=0.19, w4=0.1",175968155.85458994,322975489.11
2026-06-22,0.983907,"w1=0.43, w2=0.27, w3=0.19, w4=0.1",176028398.44213146,317072044.82
2026-06-23,0.970755,"w1=0.43, w2=0.27, w3=0.19, w4=0.1",176079553.19133592,312577128.93
2026-06-24,1.019571,"w1=0.43, w2=0.27, w3=0.19, w4=0.1",174725699.60678425,327491629.59
2026-06-25,1.07029,"w1=0.43, w2=0.27, w3=0.19, w4=0.1",174673994.69696298,346658817.04
2026-06-26,1.069173,"w1=0.43, w2=0.27, w3=0.19, w4=0.1",174558389.6503143,345990765.31
2026-06-27,1.052435,"w1=0.43, w2=0.27, w3=0.19, w4=0.1",174399270.9741392,339188826.08
2026-06-28,1.0379,"w1=0.43, w2=0.27, w3=0.19, w4=0.1",174214040.04498443,333321652.02
2026-06-29,1.0411,"w1=0.43, w2=0.27, w3=0.19, w4=0.1",174015839.58869615,334144016.62
2026-06-30,1.038362,"w1=0.43, w2=0.27, w3=0.19, w4=0.1",173814195.53447297,332729584.7
2026-07-01,1.037031,"w1=0.43, w2=0.27, w3=0.19, w4=0.1",173615679.245238,331852173.11
2026-07-02,1.021274,"w1=0.43, w2=0.27, w3=0.19, w4=0.1",173395910.45513856,325619844.1
2026-07-03,1.005392,"w1=0.43, w2=0.27, w3=0.19, w4=0.1",173186625.28123736,319501636.63
2026-07-04,0.994169,"w1=0.43, w2=0.27, w3=0.19, w4=0.1",172991603.53073514,315175477.04
2026-07-05,1.049355,"w1=0.43, w2=0.27, w3=0.19, w4=0.1",172814828.774024,334940542.17
2026-07-06,1.093225,"w1=0.43, w2=0.27, w3=0.19, w4=0.1",172658297.89037988,351715643.41
2026-07-07,1.090149,"w1=0.43, w2=0.27, w3=0.19, w4=0.1",172522581.41673866,350208739.18
2026-07-08,1.068574,"w1=0.43, w2=0.27, w3=0.19, w4=0.1",172407302.39119625,341495071.49
2026-07-09,1.055901,"w1=0.43, w2=0.27, w3=0.19, w4=0.1",172311391.05699775,336443124.26
2026-07-10,1.060774,"w1=0.43, w2=0.27, w3=0.19, w4=0.1",172233298.81388837,338149285.88
2026-07-11,1.04889,"w1=0.43, w2=0.27, w3=0.19, w4=0.1",172171252.92210287,333518139.36
2026-07-12,1.035859,"w1=0.43, w2=0.27, w3=0.19, w4=0.1",172123439.88923758,328566415.0
2026-07-13,1.015128,"w1=0.43, w2=0.27, w3=0.19, w4=0.1",172088025.84656987,320947523.74
2026-07-14,0.993144,"w1=0.43, w2=0.27, w3=0.19, w4=0.1",172063227.8661748,313126781.75
2026-07-15,1.012736,"w1=0.43, w2=0.27, w3=0.19, w4=0.1",172047476.9714785,320014605.34
2026-07-16,1.077791,"w1=0.43, w2=0.27, w3=0.19, w4=0.1",172039244.93854538,344350143.04
2026-07-17,1.102724,"w1=0.43, w2=0.27, w3=0.19, w4=0.1",172037217.4947908,354272480.26
2026-07-18,1.091187,"w1=0.43, w2=0.27, w3=0.19, w4=0.1",172040294.31898114,349643202.47
2026-07-19,1.066694,"w1=0.43, w2=0.27, w3=0.19, w4=0.1",172047344.52540407,340056569.97
2026-07-20,1.062657,"w1=0.43, w2=0.27, w3=0.19, w4=0.1",172057542.87313434,338525038.11
2026-07-21,1.061063,"w1=0.43, w2=0.27, w3=0.19, w4=0.1",172070186.37916157,337939560.5
2026-07-22,1.050509,"w1=0.43, w2=0.27, w3=0.19, w4=0.1",172084531.3078371,333959829.44
2026-07-23,1.035828,"w1=0.43, w2=0.27, w3=0.19, w4=0.1",172100078.439342,328510366.02
2026-07-24,1.015148,"w1=0.43, w2=0.27, w3=0.19, w4=0.1",172099426.39712948,320975968.08
2026-07-25,0.991402,"w1=0.43, w2=0.27, w3=0.19, w4=0.1",172117520.568527,312619354.25
2026-07-26,1.023202,"w1=0.43, w2=0.27, w3=0.19, w4=0.1",172134983.07403117,323951252.61
2026-07-27,1.088468,"w1=0.43, w2=0.27, w3=0.19, w4=0.1",172151905.6070781,348787510.18
2026-07-28,1.097733,"w1=0.43, w2=0.27, w3=0.19, w4=0.1",172168267.79134864,352526403.47
2026-07-29,1.082643,"w1=0.43, w2=0.27, w3=0.19, w4=0.1",172184100.1913215,346546782.08
2026-07-30,1.059512,"w1=0.43, w2=0.27, w3=0.19, w4=0.1",172199372.24251798,337600227.89
2026-07-31,1.063751,"w1=0.43, w2=0.27, w3=0.19, w4=0.1",172214012.62782106,339252921.19
2026-08-01,1.064744,"w1=0.43, w2=0.27, w3=0.19, w4=0.1",172228062.09986904,339662426.94
2026-08-02,1.052823,"w1=0.43, w2=0.27, w3=0.19, w4=0.1",172211618.41032195,335080876.19
2026-08-03,1.029436,"w1=0.43, w2=0.27, w3=0.19, w4=0.1",172195928.64458308,326340629.37
2026-08-04,1.001692,"w1=0.43, w2=0.27, w3=0.19, w4=0.1",172183672.28861952,316343072.06
2026-08-05,1.001467,"w1=0.43, w2=0.27, w3=0.19, w4=0.1",172177803.9087068,316252950.59
2026-08-06,1.060392,"w1=0.43, w2=0.27, w3=0.19, w4=0.1",172179678.53006783,337897905.69
2026-08-07,1.105343,"w1=0.43, w2=0.27, w3=0.19, w4=0.1",172189744.43172365,355650121.57
2026-08-08,1.093722,"w1=0.43, w2=0.27, w3=0.19, w4=0.1",172207685.78072765,350996651.18
2026-08-09,1.071141,"w1=0.43, w2=0.27, w3=0.19, w4=0.1",172232901.47566512,342144376.49
2026-08-10,1.057689,"w1=0.43, w2=0.27, w3=0.19, w4=0.1",172264525.52297255,337032264.32
2026-08-11,1.058266,"w1=0.43, w2=0.27, w3=0.19, w4=0.1",172301498.3540546,337324655.46
2026-08-12,1.04336,"w1=0.43, w2=0.27, w3=0.19, w4=0.1",172342780.77663505,331775042.63
2026-08-13,1.029536,"w1=0.43, w2=0.27, w3=0.19, w4=0.1",172387292.84579942,326739985.54
2026-08-14,1.012969,"w1=0.43, w2=0.27, w3=0.19, w4=0.1",172434076.87454805,320817265.89
2026-08-15,0.983306,"w1=0.43, w2=0.27, w3=0.19, w4=0.1",172482205.74036,310477337.74
2026-08-16,1.000323,"w1=0.43, w2=0.27, w3=0.19, w4=0.1",172530915.3312675,316497693.6
2026-08-17,1.071509,"w1=0.43, w2=0.27, w3=0.19, w4=0.1",172579441.5353027,342975966.97
2026-08-18,1.090813,"w1=0.43, w2=0.27, w3=0.19, w4=0.1",172627285.13264668,350686609.25
2026-08-19,1.083656,"w1=0.43, w2=0.27, w3=0.19, w4=0.1",172673906.1508422,347933419.2
2026-08-20,1.062363,"w1=0.43, w2=0.27, w3=0.19, w4=0.1",172718917.4398255,339713199.29
2026-08-21,1.060433,"w1=0.43, w2=0.27, w3=0.19, w4=0.1",172762064.2956074,339056552.73
2026-08-22,1.057957,"w1=0.43, w2=0.27, w3=0.19, w4=0.1",172803071.63787943,338188404.29
2026-08-23,1.052397,"w1=0.43, w2=0.27, w3=0.19, w4=0.1",169543166.2200445,329730045.24
2026-08-24,1.041144,"w1=0.43, w2=0.27, w3=0.19, w4=0.1",169336356.76891896,325174619.31
2026-08-25,1.020655,"w1=0.43, w2=0.27, w3=0.19, w4=0.1",168969664.52965057,317087803.83
2026-08-26,1.003984,"w1=0.43, w2=0.27, w3=0.19, w4=0.1",168498431.58502725,310364702.85
2026-08-27,1.045904,"w1=0.43, w2=0.27, w3=0.19, w4=0.1",167969197.44796798,324284111.87
2026-08-28,1.113678,"w1=0.43, w2=0.27, w3=0.19, w4=0.1",167417223.33874694,349108564.29
2026-08-29,1.119328,"w1=0.43, w2=0.27, w3=0.19, w4=0.1",166867419.30751443,350224080.62
2026-08-30,1.098479,"w1=0.43, w2=0.27, w3=0.19, w4=0.1",166335862.27007303,340874414.43
2026-08-31,1.079228,"w1=0.43, w2=0.27, w3=0.19, w4=0.1",165832078.15562135,332468598.18
2026-09-01,1.094604,"w1=0.43, w2=0.27, w3=0.19, w4=0.1",165360794.2702002,337380520.56
2026-09-02,1.085528,"w1=0.43, w2=0.27, w3=0.19, w4=0.1",164885689.82494003,332949084.34
2026-09-03,1.069807,"w1=0.43, w2=0.27, w3=0.19, w4=0.1",164438460.1842653,326166582.06
2026-09-04,1.049704,"w1=0.43, w2=0.27, w3=0.19, w4=0.1",164023975.28845072,318027816.43
2026-09-05,1.026021,"w1=0.43, w2=0.27, w3=0.19, w4=0.1",163646493.78819695,308951486.9
2026-09-06,1.029703,"w1=0.43, w2=0.27, w3=0.19, w4=0.1",163307727.2943118,309588782.43
2026-09-07,1.09402,"w1=0.43, w2=0.27, w3=0.19, w4=0.1",163007451.66728473,332357545.38
2026-09-08,1.136165,"w1=0.43, w2=0.27, w3=0.19, w4=0.1",162744260.941095,348247260.99
2026-09-09,1.134749,"w1=0.43, w2=0.27, w3=0.19, w4=0.1",162515740.52192435,347191544.28
2026-09-10,1.109908,"w1=0.43, w2=0.27, w3=0.19, w4=0.1",162318956.2198164,337018649.39
2026-09-11,1.096799,"w1=0.43, w2=0.27, w3=0.19, w4=0.1",162150821.0224212,331661130.33
2026-09-12,1.098539,"w1=0.43, w2=0.27, w3=0.19, w4=0.1",162008217.35291022,332028461.85
2026-09-13,1.079698,"w1=0.43, w2=0.27, w3=0.19, w4=0.1",161888098.95157173,324734979.79
2026-09-14,1.064664,"w1=0.43, w2=0.27, w3=0.19, w4=0.1",161787715.0153217,319043408.34
2026-09-15,1.048843,"w1=0.43, w2=0.27, w3=0.19, w4=0.1",161704498.12794825,313226059.67
2026-09-16,1.023908,"w1=0.43, w2=0.27, w3=0.19, w4=0.1",161636105.01275018,304433668.12
2026-09-17,1.034209,"w1=0.43, w2=0.27, w3=0.19, w4=0.1",161580569.35493034,307869368.78
2026-09-18,1.100432,"w1=0.43, w2=0.27, w3=0.19, w4=0.1",161536016.5331277,331777367.52
2026-09-19,1.128875,"w1=0.43, w2=0.27, w3=0.19, w4=0.1",161500867.3826088,342698865.1
2026-09-20,1.121991,"w1=0.43, w2=0.27, w3=0.19, w4=0.1",161473766.87815076,339941397.42
2026-09-21,1.10098,"w1=0.43, w2=0.27, w3=0.19, w4=0.1",161453461.87612635,331815516.13
2026-09-22,1.101751,"w1=0.43, w2=0.27, w3=0.19, w4=0.1",160659315.2139099,330474460.58
2026-09-23,1.101159,"w1=0.43, w2=0.27, w3=0.19, w4=0.1",160605817.1880042,330140979.32
2026-09-24,1.089909,"w1=0.43, w2=0.27, w3=0.19, w4=0.1",160514969.3691123,325745011.38
2026-09-25,1.07435,"w1=0.43, w2=0.27, w3=0.19, w4=0.1",160397652.71165577,319796096.92
2026-09-26,1.05731,"w1=0.43, w2=0.27, w3=0.19, w4=0.1",160263678.41330114,313418480.46
2026-09-27,1.03489,"w1=0.43, w2=0.27, w3=0.19, w4=0.1",160120881.1687583,305321829.22
2026-09-28,1.062173,"w1=0.43, w2=0.27, w3=0.19, w4=0.1",159975322.9329718,314580710.35
2026-09-29,1.13412,"w1=0.43, w2=0.27, w3=0.19, w4=0.1",159831191.03952518,341209155.08
2026-09-30,1.149881,"w1=0.43, w2=0.27, w3=0.19, w4=0.1",159691399.3020557,347165283.55
2026-10-01,1.150794,"w1=0.43, w2=0.27, w3=0.19, w4=0.1",159557649.14321163,347240696.64
2026-10-02,1.127472,"w1=0.43, w2=0.27, w3=0.19, w4=0.1",159384236.47915885,337662253.2
2026-10-03,1.124576,"w1=0.43, w2=0.27, w3=0.19, w4=0.1",159202785.3572048,336157072.35
2026-10-04,1.123169,"w1=0.43, w2=0.27, w3=0.19, w4=0.1",159018002.7070711,335224627.61
2026-10-05,1.109,"w1=0.43, w2=0.27, w3=0.19, w4=0.1",158836378.38640434,329445181.13
2026-10-06,1.093461,"w1=0.43, w2=0.27, w3=0.19, w4=0.1",158663240.80265996,323293863.19
2026-10-07,1.075057,"w1=0.43, w2=0.27, w3=0.19, w4=0.1",158502675.40782583,316271767.23
2026-10-08,1.058444,"w1=0.43, w2=0.27, w3=0.19, w4=0.1",158357453.38130516,310088012.08
2026-10-09,1.109574,"w1=0.43, w2=0.27, w3=0.19, w4=0.1",158229164.07599095,328401499.38
2026-10-10,1.167266,"w1=0.43, w2=0.27, w3=0.19, w4=0.1",158118337.27618098,350734290.55
2026-10-11,1.16638,"w1=0.43, w2=0.27, w3=0.19, w4=0.1",158024850.72396028,350166898.83
2026-10-12,1.146728,"w1=0.43, w2=0.27, w3=0.19, w4=0.1",157947889.36656326,342126598.49
2026-10-13,1.128886,"w1=0.43, w2=0.27, w3=0.19, w4=0.1",157886312.13011798,335033151.09
2026-10-14,1.136675,"w1=0.43, w2=0.27, w3=0.19, w4=0.1",157838753.801242,337948746.78
2026-10-15,1.126254,"w1=0.43, w2=0.27, w3=0.19, w4=0.1",157803737.09679753,333846127.6
2026-10-16,1.111486,"w1=0.43, w2=0.27, w3=0.19, w4=0.1",157779845.86260423,328186806.38
2026-10-17,1.095807,"w1=0.43, w2=0.27, w3=0.19, w4=0.1",157765572.2510457,322326415.59
2026-10-18,1.068643,"w1=0.43, w2=0.27, w3=0.19, w4=0.1",157759632.554016,312506207.77
2026-10-19,1.068852,"w1=0.43, w2=0.27, w3=0.19, w4=0.1",157760773.6278879,312582539.88
2026-10-20,1.130556,"w1=0.43, w2=0.27, w3=0.19, w4=0.1",157767925.71590653,335425680.32
2026-10-21,1.176609,"w1=0.43, w2=0.27, w3=0.19, w4=0.1",157780049.62579566,353801335.18
2026-10-22,1.17644,"w1=0.43, w2=0.27, w3=0.19, w4=0.1",156435283.87958103,350716976.04
2026-10-23,1.156857,"w1=0.43, w2=0.27, w3=0.19, w4=0.1",156347950.97574106,342649813.37
2026-10-24,1.143256,"w1=0.43, w2=0.27, w3=0.19, w4=0.1",156194048.63726616,336974468.61
2026-10-25,1.149929,"w1=0.43, w2=0.27, w3=0.19, w4=0.1",155992730.60414925,339143276.57
2026-10-26,1.135087,"w1=0.43, w2=0.27, w3=0.19, w4=0.1",155760644.32912883,332889808.22
2026-10-27,1.120675,"w1=0.43, w2=0.27, w3=0.19, w4=0.1",155510912.161732,326893858.57
2026-10-28,1.103535,"w1=0.43, w2=0.27, w3=0.19, w4=0.1",155253314.73514655,320006331.12
2026-10-29,1.078139,"w1=0.43, w2=0.27, w3=0.19, w4=0.1",154994861.5031572,310357183.3
2026-10-30,1.09832,"w1=0.43, w2=0.27, w3=0.19, w4=0.1",154740279.7718047,317053848.35
2026-10-31,1.175185,"w1=0.43, w2=0.27, w3=0.19, w4=0.1",154492768.62319425,345857216.29
2026-11-01,1.212703,"w1=0.43, w2=0.27, w3=0.19, w4=0.1",154254263.8076443,360772886.93
2026-11-02,1.203678,"w1=0.43, w2=0.27, w3=0.19, w4=0.1",153973844.9036205,356334263.01
2026-11-03,1.178241,"w1=0.43, w2=0.27, w3=0.19, w4=0.1",153691408.74400175,345287544.64
2026-11-04,1.174048,"w1=0.43, w2=0.27, w3=0.19, w4=0.1",153413679.51410463,342988126.04
2026-11-05,1.175949,"w1=0.43, w2=0.27, w3=0.19, w4=0.1",153147136.88341615,343149311.15
2026-11-06,1.163771,"w1=0.43, w2=0.27, w3=0.19, w4=0.1",152896080.2552751,337778786.01
2026-11-07,1.145585,"w1=0.43, w2=0.27, w3=0.19, w4=0.1",152663117.7985316,330243296.55
2026-11-08,1.127236,"w1=0.43, w2=0.27, w3=0.19, w4=0.1",152449635.10288727,322883387.13
2026-11-09,1.099553,"w1=0.43, w2=0.27, w3=0.19, w4=0.1",152256080.44736323,312403513.34
2026-11-10,1.136866,"w1=0.43, w2=0.27, w3=0.19, w4=0.1",152082209.31612977,325695067.28
2026-11-11,1.209286,"w1=0.43, w2=0.27, w3=0.19, w4=0.1",151927369.66697437,353912061.79
2026-11-12,1.221749,"w1=0.43, w2=0.27, w3=0.19, w4=0.1",151790501.93130165,358795209.91
2026-11-13,1.20697,"w1=0.43, w2=0.27, w3=0.19, w4=0.1",151670424.28260148,352357384.74
2026-11-14,1.182892,"w1=0.43, w2=0.27, w3=0.19, w4=0.1",151565812.26012957,342359424.53
2026-11-15,1.183501,"w1=0.43, w2=0.27, w3=0.19, w4=0.1",151475402.53209925,342397823.53
2026-11-16,1.174432,"w1=0.43, w2=0.27, w3=0.19, w4=0.1",151397829.885128,338632303.69
2026-11-17,1.158554,"w1=0.43, w2=0.27, w3=0.19, w4=0.1",151331851.36374816,332308726.97
2026-11-18,1.144478,"w1=0.43, w2=0.27, w3=0.19, w4=0.1",151276285.1414496,326825395.45
2026-11-19,1.122868,"w1=0.43, w2=0.27, w3=0.19, w4=0.1",151230010.5206795,318696623.31
2026-11-20,1.10818,"w1=0.43, w2=0.27, w3=0.19, w4=0.1",151192029.06179997,313295682.46
2026-11-21,1.146169,"w1=0.43, w2=0.27, w3=0.19, w4=0.1",154851218.64136997,335202558.68
2026-11-22,1.199777,"w1=0.43, w2=0.27, w3=0.19, w4=0.1",155092953.10350382,357291800.01
2026-11-23,1.200769,"w1=0.43, w2=0.27, w3=0.19, w4=0.1",155531818.26517105,358718265.85
2026-11-24,1.179093,"w1=0.43, w2=0.27, w3=0.19, w4=0.1",156114693.06237003,351079411.4
2026-11-25,1.152614,"w1=0.43, w2=0.27, w3=0.19, w4=0.1",156795170.42825624,341947466.51
2026-11-26,1.154143,"w1=0.43, w2=0.27, w3=0.19, w4=0.1",157536318.28438595,344171820.47
2026-11-27,1.137384,"w1=0.43, w2=0.27, w3=0.19, w4=0.1",158310180.32089713,339235134.45
2026-11-28,1.118003,"w1=0.43, w2=0.27, w3=0.19, w4=0.1",159096482.10024416,333407037.01
2026-11-29,1.094448,"w1=0.43, w2=0.27, w3=0.19, w4=0.1",159881153.77405986,326142523.16
2026-11-30,1.063842,"w1=0.43, w2=0.27, w3=0.19, w4=0.1",160654883.36449665,316514639.2
2026-12-01,1.075475,"w1=0.43, w2=0.27, w3=0.19, w4=0.1",161411843.24428007,322229577.57
2026-12-02,1.137456,"w1=0.43, w2=0.27, w3=0.19, w4=0.1",162099238.3705148,347383341.59
2026-12-03,1.173938,"w1=0.43, w2=0.27, w3=0.19, w4=0.1",162751127.76064566,363817438.16
2026-12-04,1.161736,"w1=0.43, w2=0.27, w3=0.19, w4=0.1",163371749.68905404,360071572.87
2026-12-05,1.136679,"w1=0.43, w2=0.27, w3=0.19, w4=0.1",163966748.39614215,351071021.33
2026-12-06,1.119692,"w1=0.43, w2=0.27, w3=0.19, w4=0.1",164540545.54316363,345484692.54
2026-12-07,1.116803,"w1=0.43, w2=0.27, w3=0.19, w4=0.1",165096401.34118113,345504721.05
2026-12-08,1.097284,"w1=0.43, w2=0.27, w3=0.19, w4=0.1",165636648.87873632,338978637.86
2026-12-09,1.078503,"w1=0.43, w2=0.27, w3=0.19, w4=0.1",166162796.00344566,332857208.47
2026-12-10,1.053852,"w1=0.43, w2=0.27, w3=0.19, w4=0.1",166675657.7680748,324686482.07
2026-12-11,1.030227,"w1=0.43, w2=0.27, w3=0.19, w4=0.1",167175631.51084706,317107876.41
2026-12-12,1.063468,"w1=0.43, w2=0.27, w3=0.19, w4=0.1",167662707.0436028,330181236.94
2026-12-13,1.132495,"w1=0.43, w2=0.27, w3=0.19, w4=0.1",168136711.16762933,358268987.7
2026-12-14,1.137255,"w1=0.43, w2=0.27, w3=0.19, w4=0.1",168597338.23813954,361225282.84
2026-12-15,1.119341,"w1=0.43, w2=0.27, w3=0.19, w4=0.1",169044201.10506976,354798039.1
2026-12-16,1.097407,"w1=0.43, w2=0.27, w3=0.19, w4=0.1",169477014.499952,346886732.33
2026-12-17,1.100817,"w1=0.43, w2=0.27, w3=0.19, w4=0.1",169895595.03591394,349100568.83
2026-12-18,1.089731,"w1=0.43, w2=0.27, w3=0.19, w4=0.1",170299677.8208068,345531746.35
2026-12-19,1.07639,"w1=0.43, w2=0.27, w3=0.19, w4=0.1",170689232.29015186,341104558.16
2026-12-20,1.060263,"w1=0.43, w2=0.27, w3=0.19, w4=0.1",171064289.00842783,335659981.58
2026-12-21,1.038838,"w1=0.43, w2=0.27, w3=0.19, w4=0.1",171848318.82819057,329142629.87
2026-12-22,1.021375,"w1=0.43, w2=0.27, w3=0.19, w4=0.1",172245320.8421818,323495765.01
2026-12-23,1.063684,"w1=0.43, w2=0.27, w3=0.19, w4=0.1",172650677.147021,340087321.02
2026-12-24,1.120066,"w1=0.43, w2=0.27, w3=0.19, w4=0.1",173060251.34992248,363529475.04
2026-12-25,1.116749,"w1=0.43, w2=0.27, w3=0.19, w4=0.1",173470233.07920676,363006535.25
2026-12-26,1.097262,"w1=0.43, w2=0.27, w3=0.19, w4=0.1",173877382.5001304,355834522.31
2026-12-27,1.074289,"w1=0.43, w2=0.27, w3=0.19, w4=0.1",174279376.71231127,347449001.08
2026-12-28,1.077651,"w1=0.43, w2=0.27, w3=0.19, w4=0.1",174674351.28254795,349568896.5
2026-12-29,1.065016,"w1=0.43, w2=0.27, w3=0.19, w4=0.1",175061114.19617063,345356080.28
2026-12-30,1.05097,"w1=0.43, w2=0.27, w3=0.19, w4=0.1",175438758.70697755,340646528.82
2026-12-31,1.029621,"w1=0.43, w2=0.27, w3=0.19, w4=0.1",175806785.59514973,333253042.57
